Name	Item	Piece	logNaO	logMgO	logAlO	logSiO	logKO	logCaO	logFeO
s1	1	1	-0.6603	-1.4683	-1.4683	-0.1463	-1.7047	-1.1096	-5.6778
s1	1	2	-0.6658	-1.4705	-1.4814	-0.1429	-1.7183	-1.1115	-5.3763
s1	1	3	-0.656	-1.4523	-1.4789	-0.1477	-1.6864	-1.1118	-5.6776
s1	1	4	-0.6309	-1.4707	-1.5121	-0.1823	-1.7743	-1.1306	-2.609
s1	1	5	-0.6332	-1.4516	-1.4996	-0.1792	-1.7577	-1.1332	-5.6871
s1	1	6	-0.6315	-1.4641	-1.4883	-0.171	-1.7548	-1.1291	-5.6842
s1	1	7	-0.642	-1.4437	-1.4708	-0.1165	-1.6789	-1.0358	-2.4307
s1	1	8	-0.6431	-1.4692	-1.4664	-0.1048	-1.6568	-1.0094	-5.656
s1	1	9	-0.658	-1.4698	-1.4612	-0.0843	-1.5881	-0.9888	-5.6488
s1	1	10	-0.6477	-1.463	-1.4956	-0.1653	-1.7289	-1.1138	-5.6831
s1	1	11	-0.633	-1.4563	-1.4944	-0.1579	-1.7297	-1.1074	-5.6791
s1	1	12	-0.6424	-1.4607	-1.4987	-0.1669	-1.7591	-1.1199	-2.6042
s2	2	1	-0.6231	-1.3641	-1.654	-0.0964	-2.5357	-0.9993	-5.6496
s2	2	2	-0.6122	-1.3589	-1.6622	-0.0886	-5.6444	-0.9836	-5.3434
s2	2	3	-0.6108	-1.3742	-1.6935	-0.1205	-5.662	-1.0524	-5.662
s2	2	4	-0.6135	-1.3686	-1.7202	-0.1381	-2.7154	-1.083	-5.6696
s2	2	5	-0.6205	-1.3844	-1.6831	-0.1273	-2.5514	-1.0721	-5.3644
s2	2	6	-0.6204	-1.3692	-1.7269	-0.1199	-5.6614	-1.0392	-5.6614
s2	2	7	-0.6285	-1.4037	-1.7274	-0.1995	-2.6167	-1.1735	-5.6959
s2	2	8	-0.6236	-1.3945	-1.7434	-0.2039	-2.6977	-1.1831	-5.3966
s2	2	9	-0.6253	-1.383	-1.7399	-0.2099	-5.699	-1.1871	-5.699
s2	2	10	-0.6151	-1.3707	-1.7394	-0.1522	-2.5278	-1.0976	-5.6739
s2	2	11	-0.6149	-1.3841	-1.7148	-0.1593	-2.5025	-1.1247	-5.3776
s2	2	12	-0.6171	-1.3687	-1.7318	-0.1537	-2.6348	-1.1069	-5.6762
s3	3	1	-0.6152	-1.3832	-1.7201	-0.1826	-2.8435	-1.1741	-5.6886
s3	3	2	-0.6166	-1.3836	-1.6958	-0.1572	-2.6367	-1.117	-5.377
s3	3	3	-0.6137	-1.3737	-1.7141	-0.1918	-2.7375	-1.1759	-5.6918
s3	3	4	-0.6094	-1.3803	-1.69	-0.1779	-2.7826	-1.1632	-5.6857
s3	3	5	-0.6146	-1.3761	-1.6814	-0.1779	-2.7315	-1.1581	-5.3847
s3	3	6	-0.6164	-1.3825	-1.6564	-0.1756	-5.6857	-1.162	-5.6857
s3	3	7	-0.6123	-1.3581	-1.6525	-0.1006	-2.4484	-1.0201	-5.6525
s3	3	8	-0.6157	-1.3795	-1.6877	-0.0875	-2.4706	-0.9887	-5.3457
s3	3	9	-0.6157	-1.3795	-1.6877	-0.0875	-2.4706	-0.9887	-5.6467
s3	3	10	-0.6116	-1.3726	-1.6948	-0.0947	-2.5351	-0.9987	-5.649
s3	3	11	-0.6087	-1.3688	-1.6836	-0.1016	-2.5381	-1.0237	-5.351
s3	3	12	-0.6086	-1.353	-1.6914	-0.081	-2.4947	-0.9743	-5.6408
s4	4	1	-0.6217	-1.3703	-1.6872	-0.1151	-2.4842	-1.067	-5.6603
s4	4	2	-0.6239	-1.3659	-1.6713	-0.1214	-2.5834	-1.0616	-5.3615
s4	4	3	-0.6268	-1.3646	-1.6811	-0.1216	-2.6634	-1.0646	-5.6634
s4	4	4	-0.6164	-1.3827	-1.7062	-0.161	-2.7762	-1.1279	-5.6793
s4	4	5	-0.6127	-1.371	-1.7096	-0.1724	-2.4787	-1.145	-5.3817
s4	4	6	-0.6173	-1.3778	-1.7198	-0.1598	-2.5996	-1.1286	-5.6788
s4	4	7	-0.6105	-1.3773	-1.7284	-0.1233	-2.6215	-1.0619	-5.6629
s4	4	8	-0.611	-1.3654	-1.7122	-0.1308	-5.6664	-1.0765	-5.3654
s4	4	9	-0.6127	-1.3797	-1.6876	-0.1192	-2.6608	-1.0512	-5.6608
s4	4	10	-0.6073	-1.3764	-1.7234	-0.2081	-2.6551	-1.1968	-5.6965
s4	4	11	-0.6101	-1.3865	-1.7538	-0.2096	-2.8532	-1.2013	-5.3972
s4	4	12	-0.6101	-1.3732	-1.7384	-0.2095	-2.6975	-1.2104	-5.6975
s5	5	1	-0.6102	-1.3655	-1.6778	-0.107	-2.5763	-1.0312	-5.6555
s5	5	2	-0.6085	-1.3688	-1.6904	-0.1164	-2.4828	-1.044	-5.3578
s5	5	3	-0.6075	-1.3799	-1.6736	-0.0528	-2.6279	-0.9324	-5.6279
s5	5	4	-0.6192	-1.3541	-1.7052	-0.1196	-2.5133	-1.018	-5.6594
s5	5	5	-0.6311	-1.3883	-1.694	-0.1258	-2.7082	-1.0064	-5.3614
s5	5	6	-0.612	-1.3665	-1.6834	-0.1119	-2.4805	-1.0272	-5.6566
s5	5	7	-0.6079	-1.3853	-1.7347	-0.1743	-2.839	-1.1501	-5.6841
s5	5	8	-0.6059	-1.3794	-1.7257	-0.1751	-2.7305	-1.1597	-5.3837
s5	5	9	-0.6038	-1.3723	-1.725	-0.1774	-2.7298	-1.1577	-5.684
s5	5	10	-0.6122	-1.3563	-1.6528	-0.0772	-2.5256	-0.9521	-5.6396
s5	5	11	-0.6111	-1.3576	-1.6633	-0.0696	-2.4903	-0.948	-5.3354
s5	5	12	-0.6099	-1.362	-1.6794	-0.0749	-2.4624	-0.972	-5.6385
s6	6	1	-0.6976	-1.4986	-1.5155	-0.1712	-1.75	-1.2046	-2.6153
s6	6	2	-0.702	-1.4944	-1.4999	-0.1755	-1.7613	-1.1866	-5.6958
s6	6	3	-0.7002	-1.4881	-1.4881	-0.1746	-1.7605	-1.1912	-5.695
s6	6	4	-0.6382	-1.4822	-1.4903	-0.189	-1.7674	-1.1427	-5.6917
s6	6	5	-0.6306	-1.465	-1.4757	-0.1706	-1.7283	-1.1062	-5.3815
s6	6	6	-0.6273	-1.4531	-1.4558	-0.1418	-1.7311	-1.0568	-5.6706
s6	6	7	-0.6345	-1.4613	-1.486	-0.1473	-1.7004	-1.0714	-2.4694
s6	6	8	-0.6364	-1.4714	-1.5175	-0.2084	-1.8017	-1.1769	-5.6993
s6	6	9	-0.6363	-1.4697	-1.5291	-0.2243	-1.8478	-1.196	-5.7052
s6	6	10	-0.6298	-1.4519	-1.5172	-0.1811	-1.7479	-1.1323	-5.6874
s6	6	11	-0.6406	-1.4626	-1.4954	-0.1608	-1.7163	-1.0879	-5.379
s6	6	12	-0.6319	-1.4456	-1.5158	-0.1777	-1.7723	-1.1238	-5.6861
s7	7	1	-0.905	-2.6311	-1.7792	-0.103	-0.7415	-5.2843	-5.5853
s7	7	2	-0.91	-5.5876	-1.7551	-0.1053	-0.7487	-5.5876	-5.2866
s7	7	3	-0.9059	-5.5907	-1.7983	-0.1129	-0.7481	-5.5907	-5.5907
s7	7	4	-0.9117	-5.3208	-1.8089	-0.1657	-0.8177	-5.3208	-5.6218
s7	7	5	-0.9127	-5.6337	-1.8208	-0.1884	-0.8562	-5.6337	-5.3326
s7	7	6	-0.915	-2.67	-1.8114	-0.1696	-0.8284	-5.6243	-5.6243
s7	7	7	-0.9141	-5.2815	-1.7901	-0.0995	-0.7313	-5.2815	-5.5825
s7	7	8	-0.9049	-5.2815	-1.7313	-0.0979	-0.7313	-5.5825	-5.2815
s7	7	9	-0.9046	-5.5867	-1.7542	-0.1061	-0.7466	-5.5867	-5.5867
s7	7	10	-0.9002	-2.6061	-1.7999	-0.1361	-0.7892	-5.305	-5.6061
s7	7	11	-0.9059	-5.6057	-1.7545	-0.1355	-0.7882	-5.6057	-5.3047
s7	7	12	-0.906	-2.5232	-1.7635	-0.1304	-0.7789	-5.6024	-5.6024
s8	8	1	-0.8336	-5.2585	-1.6787	-0.0864	-0.9322	-5.2585	-5.5595
s8	8	2	-0.8312	-5.5447	-1.6814	-0.068	-0.8886	-5.5447	-5.2437
s8	8	3	-0.8397	-5.5532	-1.6501	-0.08	-0.9157	-5.5532	-5.5532
s8	8	4	-0.8159	-5.574	-1.6819	-0.111	-0.9655	-5.273	-5.574
s8	8	5	-0.8483	-5.5709	-1.7076	-0.104	-0.9549	-5.5709	-5.2699
s8	8	6	-0.8297	-5.2635	-1.6725	-0.0953	-0.9455	-5.5645	-5.5645
s8	8	7	-0.8327	-5.3003	-1.7092	-0.1549	-1.0192	-5.3003	-5.6013
s8	8	8	-0.8264	-5.6031	-1.7281	-0.1574	-1.0326	-5.6031	-5.3021
s8	8	9	-0.8332	-5.5928	-1.6583	-0.1397	-0.9985	-5.5928	-5.5928
s8	8	10	-0.8162	-5.2875	-1.6642	-0.1332	-1.0087	-5.2875	-5.5885
s8	8	11	-0.8133	-5.5951	-1.7142	-0.1453	-1.0051	-5.5951	-5.294
s8	8	12	-0.8209	-5.5888	-1.6967	-0.1346	-0.9911	-5.5888	-5.5888
s9	9	1	-0.9122	-5.3145	-1.8026	-0.149	-0.81	-5.3145	-5.6155
s9	9	2	-0.9088	-5.6103	-1.7652	-0.1426	-0.7954	-5.6103	-5.3093
s9	9	3	-0.9084	-5.6176	-1.7725	-0.1554	-0.8204	-5.6176	-5.6176
s9	9	4	-0.9064	-5.3104	-1.7541	-0.1475	-0.8012	-5.3104	-5.6114
s9	9	5	-0.898	-5.6141	-1.8011	-0.1488	-0.8154	-5.6141	-5.313
s9	9	6	-0.9003	-5.6018	-1.7693	-0.1291	-0.7725	-5.6018	-5.6018
s9	9	7	-0.9078	-2.5367	-1.7456	-0.0923	-0.7274	-5.277	-5.5781
s9	9	8	-0.9026	-5.5775	-1.7514	-0.0878	-0.7208	-5.5775	-5.2765
s9	9	9	-0.9055	-5.5975	-1.7524	-0.1231	-0.7643	-5.5975	-5.5975
s9	9	10	-0.906	-5.6178	-1.7918	-0.1556	-0.8227	-5.3168	-5.6178
s9	9	11	-0.9074	-5.6184	-1.7733	-0.1587	-0.817	-5.6184	-5.3173
s9	9	12	-0.9143	-5.3174	-1.7924	-0.1558	-0.8136	-5.6185	-5.6185
s10	10	1	-0.8398	-5.3241	-1.7275	-0.1912	-1.0848	-5.3241	-5.6251
s10	10	2	-0.8268	-5.6079	-1.7566	-0.1618	-1.0516	-5.6079	-5.3069
s10	10	3	-0.8318	-5.6228	-1.7363	-0.1923	-1.0751	-5.6228	-5.6228
s10	10	4	-0.8387	-5.2811	-1.6901	-0.1193	-0.9867	-5.2811	-5.5822
s10	10	5	-0.8347	-5.5867	-1.6782	-0.1284	-0.9956	-5.5867	-5.2857
s10	10	6	-0.8288	-5.5816	-1.6522	-0.1198	-0.9905	-5.5816	-5.5816
s10	10	7	-0.8291	-2.5042	-1.6489	-0.124	-0.998	-5.2824	-5.5834
s10	10	8	-0.8256	-5.5776	-1.6585	-0.1145	-0.9788	-5.5776	-5.2766
s10	10	9	-0.825	-5.5778	-1.6383	-0.1136	-0.9901	-5.5778	-5.5778
s10	10	10	-0.8249	-5.3078	-1.7058	-0.1664	-1.0611	-5.3078	-5.6088
s10	10	11	-0.8296	-5.607	-1.7149	-0.1642	-1.0519	-5.607	-5.306
s10	10	12	-0.8361	-5.6128	-1.732	-0.1714	-1.0613	-5.6128	-5.6128
s11	11	1	-0.904	-2.4829	-1.7456	-0.1217	-0.7746	-5.2958	-5.5968
s11	11	2	-0.9062	-2.6413	-1.8102	-0.1191	-0.7675	-5.5955	-5.2945
s11	11	3	-0.9103	-5.5587	-1.7458	-0.0636	-0.6773	-5.5587	-5.5587
s11	11	4	-0.9038	-5.5675	-1.748	-0.0754	-0.7036	-5.2665	-5.5675
s11	11	5	-0.9098	-5.6096	-1.7707	-0.1407	-0.796	-5.6096	-5.3086
s11	11	6	-0.8894	-2.5884	-1.7495	-0.1071	-0.7514	-5.5884	-5.5884
s11	11	7	-0.904	-2.4829	-1.7456	-0.1217	-0.7746	-5.2958	-5.5968
s11	11	8	-0.9062	-2.6413	-1.8102	-0.1191	-0.7675	-5.5955	-5.2945
s11	11	9	-0.9103	-5.5587	-1.7458	-0.0636	-0.6773	-5.5587	-5.5587
s11	11	10	-0.9127	-5.6271	-1.8489	-0.169	-0.8368	-5.6271	-5.6271
s11	11	11	-0.91	-5.6243	-1.8181	-0.167	-0.8284	-5.6243	-5.3233
s11	11	12	-0.9075	-2.6718	-1.8336	-0.1698	-0.8421	-2.5121	-5.626
s12	12	1	-0.9088	-2.6164	-1.7356	-0.1547	-0.8102	-5.6164	-5.6164
s12	12	2	-0.9103	-5.617	-1.7362	-0.1545	-0.8163	-2.4129	-5.316
s12	12	3	-0.9103	-5.617	-1.7362	-0.1545	-0.8163	-2.4129	-5.617
s12	12	4	-0.9296	-5.6363	-1.785	-0.1873	-0.8467	-5.3353	-5.6363
s12	12	5	-0.9187	-5.6026	-1.8173	-0.1307	-0.7695	-5.6026	-5.3016
s12	12	6	-0.9123	-2.65	-1.7234	-0.1326	-0.7906	-5.6042	-5.6042
s12	12	7	-0.9296	-5.6363	-1.785	-0.1873	-0.8467	-5.3353	-5.6363
s12	12	8	-0.9187	-5.6026	-1.8173	-0.1307	-0.7695	-5.6026	-5.3016
s12	12	9	-0.9123	-2.65	-1.7234	-0.1326	-0.7906	-5.6042	-5.6042
s12	12	10	-0.9088	-2.6164	-1.7356	-0.1547	-0.8102	-5.6164	-5.6164
s12	12	11	-0.9103	-5.617	-1.7362	-0.1545	-0.8163	-2.4129	-5.316
s12	12	12	-0.9103	-5.617	-1.7362	-0.1545	-0.8163	-2.4129	-5.617
s13	13	1	-0.9317	-5.5781	-1.659	-0.0935	-0.7177	-5.5781	-5.5781
s13	13	2	-0.9381	-5.598	-1.6737	-0.1177	-0.7604	-2.5188	-5.297
s13	13	3	-0.9403	-5.2788	-1.6453	-0.0959	-0.7141	-5.5798	-5.5798
s13	13	4	-0.9245	-5.2669	-1.6872	-0.0777	-0.6866	-5.2669	-5.568
s13	13	5	-0.941	-5.5794	-1.7161	-0.0964	-0.7155	-5.5794	-5.2784
s13	13	6	-0.9158	-5.5603	-1.6969	-0.0633	-0.6665	-5.5603	-5.5603
s13	13	7	-0.9295	-5.5759	-1.6951	-0.0897	-0.7096	-5.5759	-5.5759
s13	13	8	-0.9235	-5.5729	-1.6978	-0.0891	-0.7113	-5.2718	-5.2718
s13	13	9	-0.9059	-2.4594	-1.6868	-0.0909	-0.7166	-5.5733	-5.5733
s13	13	10	-0.8958	-5.2841	-1.7526	-0.1414	-0.7425	-5.2841	-5.5851
s13	13	11	-0.9207	-5.5984	-1.7658	-0.1515	-0.7601	-5.5984	-5.2973
s13	13	12	-0.9004	-5.5933	-1.7672	-0.1469	-0.7551	-5.5933	-5.5933
s14	14	1	-0.6009	-1.3485	-1.6785	-0.1019	-2.6974	-1.0305	-5.6517
s14	14	2	-0.6009	-1.3494	-1.6707	-0.0853	-2.5299	-1.0024	-5.3428
s14	14	3	-0.6034	-1.3478	-1.658	-0.0591	-2.427	-0.9508	-5.6311
s14	14	4	-0.6023	-1.3501	-1.6799	-0.1143	-2.7034	-1.0534	-5.6576
s14	14	5	-0.6096	-1.3697	-1.6957	-0.1277	-2.7611	-1.0698	-5.3631
s14	14	6	-0.6061	-1.3688	-1.6764	-0.1455	-2.7689	-1.1145	-5.672
s14	14	7	-0.6102	-1.3732	-1.7191	-0.1722	-2.8378	-1.14	-5.6829
s14	14	8	-0.6112	-1.3802	-1.716	-0.2092	-2.9201	-1.2168	-5.3972
s14	14	9	-0.6091	-1.3891	-1.7354	-0.1994	-2.8493	-1.1947	-5.6944
s14	14	10	-0.6142	-1.3552	-1.654	-0.0992	-2.5035	-0.9945	-5.6496
s14	14	11	-0.6075	-1.3419	-1.6742	-0.0929	-2.4432	-1.0028	-5.3463
s14	14	12	-0.611	-1.3618	-1.6858	-0.0962	-2.5035	-1.0111	-5.6496
s15	15	1	-0.684	-1.367	-1.7649	-0.1906	-1.9435	-1.1529	-5.6994
s15	15	2	-0.684	-1.367	-1.7649	-0.1906	-1.9435	-1.1529	-5.6994
s15	15	3	-0.6763	-1.3436	-1.732	-0.1874	-1.9177	-1.1456	-2.5819
s15	15	4	-0.6326	-1.3498	-1.7269	-0.2063	-1.9757	-1.1935	-5.7
s15	15	5	-0.6401	-1.3822	-1.7863	-0.2302	-2.0116	-1.2277	-5.7105
s15	15	6	-0.6412	-1.3606	-1.7815	-0.2338	-1.9866	-1.2309	-2.7109
s15	15	7	-0.6345	-1.3396	-1.7015	-0.1316	-1.8571	-1.0745	-5.67
s15	15	8	-0.6342	-1.3679	-1.7387	-0.1383	-1.8739	-1.0701	-5.3722
s15	15	9	-0.6442	-1.3575	-1.79	-0.2133	-1.9634	-1.1788	-5.7038
s15	15	10	-0.6295	-1.355	-1.718	-0.1159	-1.7874	-1.0413	-5.6625
s15	15	11	-0.6298	-1.3481	-1.741	-0.1573	-1.9024	-1.11	-5.3795
s15	15	12	-0.6309	-1.3363	-1.6989	-0.1169	-1.8366	-1.0363	-5.6627
s16	16	1	-0.9164	-1.7767	-1.3837	-0.1002	-0.9986	-1.4727	-5.6341
s16	16	2	-0.9167	-1.7712	-1.3475	-0.0923	-0.9762	-1.4671	-5.6285
s16	16	3	-0.9194	-1.7408	-1.3518	-0.0992	-0.9944	-1.451	-5.6329
s16	16	4	-0.6563	-1.3591	-1.7284	-0.1457	-1.8736	-0.9722	-2.5937
s16	16	5	-0.6457	-1.3706	-1.7428	-0.1692	-1.8899	-1.0243	-5.6823
s16	16	6	-0.655	-1.3729	-1.7444	-0.1841	-1.9407	-1.0271	-5.6889
s16	16	7	-0.9138	-1.8168	-1.3225	-0.1133	-0.9939	-1.4405	-5.6364
s16	16	8	-0.912	-1.7804	-1.3095	-0.0951	-0.9713	-1.4465	-5.3245
s16	16	9	-0.9187	-1.7523	-1.3213	-0.1075	-0.9876	-1.4372	-5.6331
s16	16	10	-0.915	-1.832	-1.3311	-0.1284	-1.0145	-1.466	-5.6449
s16	16	11	-0.9129	-1.8292	-1.3219	-0.123	-0.9996	-1.466	-5.341
s16	16	12	-0.9218	-1.8532	-1.3581	-0.1407	-1.0345	-1.4298	-5.6525
s17	17	1	-0.602	-1.4163	-1.613	-0.1649	-1.9103	-1.1561	-2.5672
s17	17	2	-0.5973	-1.4173	-1.607	-0.1317	-1.9195	-1.1114	-5.6677
s17	17	3	-0.5962	-1.4013	-1.6271	-0.1347	-1.8903	-1.1098	-5.6685
s17	17	4	-0.6056	-1.3958	-1.5828	-0.1095	-1.8388	-1.065	-5.6583
s17	17	5	-0.6086	-1.4073	-1.6029	-0.1284	-1.8544	-1.1015	-5.6674
s17	17	6	-0.5969	-1.3997	-1.598	-0.1053	-1.8626	-1.0443	-2.4789
s17	17	7	-0.605	-1.3977	-1.6105	-0.1577	-1.9463	-1.1472	-5.6787
s17	17	8	-0.604	-1.4268	-1.5955	-0.1288	-1.9039	-1.1027	-5.3663
s17	17	9	-0.6065	-1.4119	-1.6141	-0.1285	-1.861	-1.0978	-5.6672
s17	17	10	-0.6048	-1.4094	-1.6106	-0.1114	-1.8403	-1.0732	-5.6598
s17	17	11	-0.6039	-1.431	-1.6214	-0.1102	-1.8595	-1.0568	-2.4547
s17	17	12	-0.6035	-1.413	-1.5966	-0.0986	-1.834	-1.0407	-5.6535
s18	18	1	-0.9225	-1.7817	-1.3861	-0.1332	-1.0266	-1.5079	-5.6509
s18	18	2	-0.9214	-1.8198	-1.4072	-0.1564	-1.0618	-1.551	-5.3639
s18	18	3	-0.9244	-1.7552	-1.3607	-0.0962	-0.9789	-1.4659	-5.6302
s18	18	4	-0.9692	-1.8688	-1.3596	-0.1208	-1.0216	-1.5607	-5.6541
s18	18	5	-0.9621	-1.8161	-1.3561	-0.1227	-1.0327	-1.5722	-5.3539
s18	18	6	-0.9634	-1.8156	-1.3534	-0.124	-1.0281	-1.5789	-5.6545
s18	18	7	-0.9692	-1.8688	-1.3596	-0.1208	-1.0216	-1.5607	-5.6541
s18	18	8	-0.9621	-1.8161	-1.3561	-0.1227	-1.0327	-1.5722	-5.3539
s18	18	9	-0.9634	-1.8156	-1.3534	-0.124	-1.0281	-1.5789	-5.6545
s18	18	10	-0.9225	-1.7817	-1.3861	-0.1332	-1.0266	-1.5079	-5.6509
s18	18	11	-0.9214	-1.8198	-1.4072	-0.1564	-1.0618	-1.551	-5.3639
s18	18	12	-0.9244	-1.7552	-1.3607	-0.0962	-0.9789	-1.4659	-5.6302
s19	19	1	-0.611	-1.4321	-1.6218	-0.1636	-1.9665	-1.151	-5.6825
s19	19	2	-0.6087	-1.4185	-1.6128	-0.1611	-1.9567	-1.1546	-2.567
s19	19	3	-0.6127	-1.4331	-1.6294	-0.1519	-1.9078	-1.1459	-5.6786
s19	19	4	-0.6092	-1.429	-1.6126	-0.1318	-1.9291	-1.112	-2.5234
s19	19	5	-0.6078	-1.4314	-1.6301	-0.1564	-1.9311	-1.1517	-2.6379
s19	19	6	-0.6142	-1.4209	-1.6082	-0.1329	-1.8559	-1.0823	-5.6689
s19	19	7	-0.6108	-1.4106	-1.6194	-0.1585	-1.9477	-1.1435	-5.6801
s19	19	8	-0.6067	-1.4406	-1.6128	-0.1258	-1.8463	-1.0872	-2.4898
s19	19	9	-0.6165	-1.4426	-1.6274	-0.176	-1.9557	-1.1735	-2.512
s19	19	10	-0.6061	-1.4282	-1.6269	-0.149	-1.898	-1.1308	-3.0741
s19	19	11	-0.6067	-1.4179	-1.6149	-0.1498	-1.9513	-1.1241	-2.5617
s19	19	12	-0.6082	-1.4442	-1.6397	-0.1508	-1.9137	-1.1294	-5.6772
s20	20	1	-0.9285	-1.7938	-1.3392	-0.0709	-0.924	-1.4092	-5.6133
s20	20	2	-0.9224	-1.7948	-1.3449	-0.0742	-0.9359	-1.3995	-5.3133
s20	20	3	-0.915	-1.7424	-1.3456	-0.08	-0.9462	-1.4271	-5.6174
s20	20	4	-0.9259	-1.7544	-1.3999	-0.1414	-1.0479	-1.537	-5.6575
s20	20	5	-0.9187	-1.7577	-1.4037	-0.1579	-1.0773	-1.5762	-5.3651
s20	20	6	-0.9288	-1.8038	-1.387	-0.1473	-1.0473	-1.5472	-5.6611
s20	20	7	-0.917	-1.7652	-1.3855	-0.1435	-1.0424	-1.5434	-5.6573
s20	20	8	-0.9192	-1.7748	-1.3861	-0.1382	-1.0525	-1.5157	-5.3546
s20	20	9	-0.9251	-1.7753	-1.3809	-0.1098	-1.0001	-1.4802	-5.6386
s20	20	10	-0.9162	-1.7782	-1.3388	-0.1034	-0.991	-1.4771	-5.6355
s20	20	11	-0.9146	-1.7621	-1.3665	-0.1191	-1.0176	-1.5062	-5.3419
s20	20	12	-0.9087	-1.7305	-1.3588	-0.122	-1.0232	-1.5013	-5.6443
s21	21	1	-0.6173	-1.3994	-1.6111	-0.1307	-1.7099	-1.0062	-5.6642
s21	21	2	-0.6214	-1.4328	-1.6458	-0.1727	-1.7856	-1.0833	-2.604
s21	21	3	-0.6207	-1.4141	-1.6328	-0.1809	-1.8051	-1.0915	-5.6859
s21	21	4	-0.6193	-1.4059	-1.62	-0.1507	-1.754	-1.0437	-5.6731
s21	21	5	-0.6139	-1.3909	-1.6266	-0.1483	-1.7688	-1.0405	-5.3709
s21	21	6	-0.6149	-1.3855	-1.6119	-0.1449	-1.705	-1.0136	-5.6688
s21	21	7	-0.6193	-1.3986	-1.6101	-0.1025	-1.6783	-0.9465	-5.6515
s21	21	8	-0.6133	-1.4033	-1.6172	-0.1183	-1.7141	-0.9801	-5.3576
s21	21	9	-0.6181	-1.3958	-1.5731	-0.0992	-1.6275	-0.9335	-5.6487
s21	21	10	-0.6149	-1.4038	-1.6202	-0.1509	-1.7648	-1.05	-5.6733
s21	21	11	-0.6209	-1.4092	-1.5938	-0.1414	-1.745	-1.0269	-5.3683
s21	21	12	-0.6262	-1.3985	-1.6273	-0.148	-1.7642	-1.0272	-5.6727
s22	22	1	-0.9132	-5.3023	-1.4763	-0.1349	-0.804	-5.3023	-5.6034
s22	22	2	-0.9226	-5.6038	-1.4735	-0.1334	-0.8107	-5.6038	-5.3028
s22	22	3	-0.9172	-5.6038	-1.4546	-0.1359	-0.8107	-5.6038	-5.6038
s22	22	4	-0.9294	-5.3368	-1.5514	-0.1787	-0.8857	-5.6378	-5.6378
s22	22	5	-0.9207	-5.6316	-1.5863	-0.1745	-0.8804	-5.3306	-5.3306
s22	22	6	-0.9207	-5.6316	-1.5863	-0.1745	-0.8804	-5.6316	-5.6316
s22	22	7	-0.9134	-2.5822	-1.5372	-0.1628	-0.8624	-5.3225	-5.6236
s22	22	8	-0.9168	-5.6361	-1.5569	-0.1878	-0.8926	-5.6361	-5.3351
s22	22	9	-0.9282	-5.6184	-1.5112	-0.1536	-0.8468	-5.6184	-5.6184
s22	22	10	-0.919	-5.2919	-1.5399	-0.1122	-0.7888	-5.2919	-5.593
s22	22	11	-0.9214	-5.5688	-1.5196	-0.0713	-0.7382	-5.5688	-5.2678
s22	22	12	-0.9151	-5.5635	-1.499	-0.0626	-0.7323	-5.5635	-5.5635
s23	23	1	-0.6315	-1.3258	-1.6347	-0.1593	-1.6675	-1.0686	-5.6761
s23	23	2	-0.6196	-1.3189	-1.6316	-0.1607	-1.6774	-1.0426	-5.372
s23	23	3	-0.6261	-1.3278	-1.6776	-0.1774	-1.6862	-1.0766	-5.6819
s23	23	4	-0.6147	-1.3498	-1.6935	-0.1714	-1.6846	-1.0948	-2.5663
s23	23	5	-0.6131	-1.3379	-1.663	-0.1819	-1.7111	-1.1102	-5.6842
s23	23	6	-0.6131	-1.3334	-1.6861	-0.1745	-1.7275	-1.0951	-5.6817
s23	23	7	-0.6128	-1.3196	-1.6408	-0.1308	-1.6534	-1.0205	-5.662
s23	23	8	-0.6204	-1.3349	-1.683	-0.1345	-1.6525	-1.014	-5.3643
s23	23	9	-0.6217	-1.333	-1.6631	-0.1406	-1.634	-1.03	-5.6675
s23	23	10	-0.6289	-1.3133	-1.6025	-0.1063	-1.5654	-0.9732	-5.6518
s23	23	11	-0.6281	-1.3058	-1.6351	-0.1086	-1.5877	-0.9646	-2.4217
s23	23	12	-0.6289	-1.3154	-1.643	-0.1141	-1.6066	-0.9856	-5.6558
s24	24	1	-0.9302	-5.29	-1.5576	-0.1093	-0.7876	-5.29	-5.5911
s24	24	2	-0.9219	-5.5931	-1.5719	-0.1131	-0.7972	-5.5931	-5.292
s24	24	3	-0.9363	-5.6047	-1.5633	-0.1293	-0.8109	-5.6047	-5.6047
s24	24	4	-0.9122	-5.311	-1.5909	-0.1452	-0.826	-5.612	-5.612
s24	24	5	-0.7095	-5.6115	-1.5741	-0.1426	-0.8212	-5.3105	-5.3105
s24	24	6	-0.9189	-5.6082	-1.5912	-0.1353	-0.8123	-5.6082	-5.6082
s24	24	7	-0.9247	-5.3226	-1.6151	-0.161	-0.8625	-5.6237	-5.6237
s24	24	8	-0.9281	-5.621	-1.5718	-0.1581	-0.8659	-5.3199	-5.3199
s24	24	9	-0.9335	-5.6273	-1.5938	-0.1683	-0.876	-5.6273	-5.6273
s24	24	10	-0.9276	-5.2913	-1.588	-0.1086	-0.7848	-5.5923	-5.5923
s24	24	11	-0.9176	-5.6113	-1.5901	-0.1432	-0.8331	-5.3103	-5.3103
s24	24	12	-0.927	-5.611	-1.5939	-0.1395	-0.8328	-5.611	-5.611
s25	25	1	-0.6247	-1.3987	-1.5898	-0.0811	-1.6925	-1.0092	-5.6467
s25	25	2	-0.6265	-1.4211	-1.5933	-0.0815	-1.6687	-0.9913	-2.4423
s25	25	3	-0.6268	-1.3987	-1.5699	-0.0718	-1.7073	-0.9771	-5.6418
s25	25	4	-0.6268	-1.3987	-1.5699	-0.0718	-1.7073	-0.9771	-5.6418
s25	25	5	-0.6363	-1.4207	-1.6213	-0.1026	-1.7723	-1.0524	-2.4827
s25	25	6	-0.6267	-1.4073	-1.6227	-0.1087	-1.7358	-1.0613	-5.6601
s25	25	7	-0.7264	-1.5456	-1.7568	-0.2032	-2.0083	-1.3144	-5.7158
s25	25	8	-0.6567	-1.4459	-1.6334	-0.1577	-1.9083	-1.1786	-5.3854
s25	25	9	-0.6668	-1.4586	-1.6567	-0.1755	-1.9018	-1.1836	-5.6942
s25	25	10	-0.662	-1.4483	-1.662	-0.168	-1.8852	-1.1903	-5.6913
s25	25	11	-0.7071	-1.4884	-1.7067	-0.1677	-1.9198	-1.2208	-5.3969
s25	25	12	-0.6712	-1.4576	-1.7138	-0.1882	-1.9447	-1.2235	-5.7006
s26	26	1	-0.9158	-1.7768	-1.3545	-0.1132	-1.0046	-1.4817	-5.6401
s26	26	2	-0.9145	-1.8022	-1.3628	-0.1036	-0.9893	-1.4733	-5.3336
s26	26	3	-0.9168	-1.7659	-1.3806	-0.1347	-1.0344	-1.5063	-5.6524
s26	26	4	-0.9222	-1.7808	-1.4413	-0.2019	-1.1318	-1.6324	-5.6893
s26	26	5	-0.9129	-1.784	-1.4183	-0.2092	-1.1497	-1.6433	-5.3915
s26	26	6	-0.9083	-1.7688	-1.4207	-0.2009	-1.1389	-1.6272	-5.6879
s26	26	7	-0.9137	-1.7618	-1.4155	-0.1774	-1.1027	-1.5752	-5.6756
s26	26	8	-0.9152	-1.7718	-1.4077	-0.1739	-1.0997	-1.5957	-5.3738
s26	26	9	-0.915	-1.7781	-1.4053	-0.165	-1.0824	-1.5802	-5.6702
s26	26	10	-0.9089	-1.7619	-1.3707	-0.1397	-1.038	-1.54	-5.654
s26	26	11	-0.9137	-1.7743	-1.3571	-0.1279	-1.0271	-1.5387	-5.3483
s26	26	12	-0.9104	-1.7668	-1.3575	-0.1275	-1.0254	-1.5205	-5.6476
s27	27	1	-0.6723	-1.2977	-2.3355	-0.1552	-2.4738	-0.9243	-5.6779
s27	27	2	-0.6731	-1.2957	-2.3178	-0.1592	-2.4008	-0.9329	-5.3785
s27	27	3	-0.6675	-1.2896	-2.3152	-0.1554	-2.4465	-0.9242	-5.677
s27	27	4	-0.667	-1.2817	-2.3536	-0.1026	-2.3759	-0.8526	-5.6547
s27	27	5	-0.6666	-1.2795	-2.3755	-0.1032	-2.3532	-0.8481	-5.3532
s27	27	6	-0.6746	-1.2853	-2.3342	-0.1051	-2.3554	-0.8509	-5.6564
s27	27	7	-0.653	-1.2624	-2.4892	-0.0632	-2.3343	-0.7977	-5.6353
s27	27	8	-0.6514	-1.263	-2.43	-0.0619	-2.2917	-0.7977	-5.333
s27	27	9	-0.6533	-1.2664	-2.2358	-0.0624	-2.2913	-0.7956	-5.6338
s27	27	10	-0.653	-1.2624	-2.4892	-0.0632	-2.3343	-0.7977	-5.6353
s27	27	11	-0.6514	-1.263	-2.43	-0.0619	-2.2917	-0.7977	-5.333
s27	27	12	-0.6533	-1.2664	-2.2358	-0.0624	-2.2913	-0.7956	-5.6338
s28	28	1	-0.6929	-1.2216	-2.4973	-0.1406	-2.4181	-0.9237	-5.6734
s28	28	2	-0.6868	-1.2211	-2.5922	-0.1368	-2.4672	-0.9162	-5.3703
s28	28	3	-0.6859	-1.2291	-2.6317	-0.1407	-2.3721	-0.9257	-5.6731
s28	28	4	-0.6887	-1.2139	-2.3124	-0.1017	-2.3124	-0.8583	-5.6549
s28	28	5	-0.6903	-1.2219	-2.2415	-0.1044	-2.3555	-0.8613	-5.3555
s28	28	6	-0.6868	-1.22	-2.3138	-0.1044	-2.3552	-0.8589	-5.6562
s28	28	7	-0.6841	-1.2189	-2.4061	-0.1143	-2.3603	-0.8825	-5.6613
s28	28	8	-0.689	-1.2149	-2.2642	-0.1153	-2.458	-0.8847	-5.3611
s28	28	9	-0.6861	-1.2175	-2.3191	-0.1154	-2.3605	-0.8856	-5.6615
s28	28	10	-0.6841	-1.2189	-2.4061	-0.1143	-2.3603	-0.8825	-5.6613
s28	28	11	-0.689	-1.2149	-2.2642	-0.1153	-2.458	-0.8847	-5.3611
s28	28	12	-0.6861	-1.2175	-2.3191	-0.1154	-2.3605	-0.8856	-5.6615
s29	29	1	-0.6644	-1.1904	-2.5751	-0.1044	-2.4782	-0.8754	-5.6543
s29	29	2	-0.6679	-1.1809	-2.576	-0.1061	-2.3999	-0.8828	-5.3541
s29	29	3	-0.6643	-1.1819	-2.5755	-0.1042	-2.5085	-0.8794	-5.6547
s29	29	4	-0.6591	-1.179	-2.4698	-0.0892	-2.4155	-0.8535	-5.6459
s29	29	5	-0.6617	-1.1854	-2.4687	-0.0846	-2.3661	-0.8483	-5.3438
s29	29	6	-0.6613	-1.1696	-2.3679	-0.0904	-2.3914	-0.8508	-5.6467
s29	29	7	-0.6629	-1.1807	-2.5815	-0.1169	-2.4302	-0.9094	-5.6607
s29	29	8	-0.666	-1.1903	-2.7074	-0.1178	-2.5155	-0.9158	-5.3606
s29	29	9	-0.6624	-1.1837	-2.7563	-0.1145	-2.4289	-0.9027	-5.6593
s29	29	10	-0.6591	-1.179	-2.4698	-0.0892	-2.4155	-0.8535	-5.6459
s29	29	11	-0.6617	-1.1854	-2.4687	-0.0846	-2.3661	-0.8483	-5.3438
s29	29	12	-0.6613	-1.1696	-2.3679	-0.0904	-2.3914	-0.8508	-5.6467
s30	30	1	-0.6736	-1.2543	-2.4388	-0.147	-5.3682	-0.8297	-5.6692
s30	30	2	-0.6712	-1.2511	-2.4933	-0.147	-5.6694	-0.8337	-5.3684
s30	30	3	-0.6757	-1.2605	-2.4943	-0.1475	-5.6704	-0.831	-5.6704
s30	30	4	-0.6738	-1.2535	-2.4115	-0.1421	-5.3658	-0.8198	-5.6668
s30	30	5	-0.6777	-1.2658	-2.5228	-0.1449	-5.6689	-0.8226	-5.3679
s30	30	6	-0.6766	-1.2592	-2.465	-0.1443	-5.6691	-0.8259	-5.6691
s30	30	7	-0.6512	-1.2331	-2.7331	-0.076	-2.3809	-0.7617	-5.6362
s30	30	8	-0.6554	-1.2171	-2.7323	-0.0743	-2.4313	-0.7557	-5.3344
s30	30	9	-0.6517	-1.2199	-2.3796	-0.0738	-2.3339	-0.7581	-5.6349
s30	30	10	-0.6512	-1.2331	-2.7331	-0.076	-2.3809	-0.7617	-5.6362
s30	30	11	-0.6554	-1.2171	-2.7323	-0.0743	-2.4313	-0.7557	-5.3344
s30	30	12	-0.6517	-1.2199	-2.3796	-0.0738	-2.3339	-0.7581	-5.6349
s31	31	1	-0.6912	-1.3162	-2.3162	-0.1537	-5.3769	-0.8637	-5.678
s31	31	2	-0.6923	-1.3021	-2.3308	-0.1452	-5.6732	-0.8388	-5.3722
s31	31	3	-0.6843	-1.3019	-2.3581	-0.1601	-5.6803	-0.8817	-5.6803
s31	31	4	-0.6915	-1.3042	-2.4637	-0.1309	-5.3668	-0.8321	-5.6678
s31	31	5	-0.6841	-1.3039	-2.4314	-0.12	-5.6618	-0.8099	-5.3608
s31	31	6	-0.6902	-1.295	-2.32	-0.1216	-5.6624	-0.8099	-5.6624
s31	31	7	-0.6939	-1.3155	-2.3211	-0.165	-2.8378	-0.8828	-5.6829
s31	31	8	-0.6935	-1.3143	-2.3788	-0.1572	-5.6798	-0.8675	-5.3788
s31	31	9	-0.69	-1.2983	-2.3811	-0.1652	-5.6821	-0.8766	-5.6821
s31	31	10	-0.6919	-1.3108	-2.5149	-0.1823	-5.39	-0.9136	-5.691
s31	31	11	-0.6842	-1.3113	-2.4538	-0.1685	-5.6842	-0.8939	-5.3832
s31	31	12	-0.6892	-1.3226	-2.4613	-0.1845	-5.6918	-0.9209	-5.6918
s32	32	1	-0.6871	-1.2891	-2.2283	-0.0837	-2.321	-0.7517	-5.6433
s32	32	2	-0.6923	-1.3027	-2.2472	-0.087	-2.2834	-0.7514	-5.3441
s32	32	3	-0.6861	-1.293	-2.1902	-0.072	-2.3364	-0.7338	-5.6374
s32	32	4	-0.7	-1.2921	-2.1574	-0.0675	-2.3334	-0.7154	-5.6345
s32	32	5	-0.702	-1.3071	-2.2225	-0.0716	-2.2061	-0.7174	-5.3365
s32	32	6	-0.6955	-1.2818	-2.1426	-0.0655	-2.4579	-0.7123	-5.634
s32	32	7	-0.7509	-1.3288	-2.1935	-0.1497	-2.7306	-0.9118	-5.6848
s32	32	8	-0.7461	-1.3172	-2.2075	-0.1509	-2.6846	-0.9115	-5.3835
s32	32	9	-0.7431	-1.3247	-2.2202	-0.1465	-2.6412	-0.9052	-5.6826
s32	32	10	-0.6872	-1.2993	-2.2897	-0.1	-2.5723	-0.7724	-5.6515
s32	32	11	-0.6937	-1.3074	-2.1466	-0.0986	-2.6975	-0.775	-5.3507
s32	32	12	-0.6911	-1.3027	-2.295	-0.1089	-2.5776	-0.7905	-5.6568
s33	33	1	-0.7286	-1.3566	-2.073	-0.1062	-2.5501	-0.8545	-5.6641
s33	33	2	-0.7147	-1.3393	-2.1195	-0.1086	-2.6636	-0.8554	-5.3626
s33	33	3	-0.7206	-1.3414	-2.0404	-0.1103	-2.5844	-0.8447	-5.6636
s33	33	4	-0.7207	-1.3647	-2.1622	-0.1448	-2.5046	-0.9098	-5.6807
s33	33	5	-0.7195	-1.3496	-2.0889	-0.1437	-2.5039	-0.9113	-5.3789
s33	33	6	-0.7151	-1.3437	-2.0694	-0.1494	-2.5682	-0.9278	-5.6821
s33	33	7	-0.722	-1.3636	-2.0669	-0.1181	-2.4929	-0.8703	-5.6689
s33	33	8	-0.7258	-1.357	-2.0005	-0.0875	-2.3749	-0.8148	-5.3527
s33	33	9	-0.7316	-1.3619	-1.9847	-0.075	-2.3687	-0.7865	-5.6475
s33	33	10	-0.7242	-1.3696	-2.1644	-0.1795	-2.6545	-0.9643	-5.6959
s33	33	11	-0.72	-1.3637	-2.0606	-0.1774	-2.6149	-0.9561	-5.393
s33	33	12	-0.7288	-1.3703	-2.1546	-0.1854	-2.6195	-0.9695	-5.6987
s34	34	1	-0.6926	-1.3114	-2.2353	-0.1633	-2.6411	-0.8915	-5.6825
s34	34	2	-0.6982	-1.3148	-2.14	-0.1664	-2.6049	-0.8973	-5.383
s34	34	3	-0.6952	-1.3118	-2.2357	-0.1667	-2.5068	-0.8815	-5.6829
s34	34	4	-0.7014	-1.3073	-1.7091	-0.1215	-2.4872	-0.817	-5.6633
s34	34	5	-0.7045	-1.3156	-2.0937	-0.0965	-2.3947	-0.7546	-5.349
s34	34	6	-0.7019	-1.3021	-2.1197	-0.1248	-2.6638	-0.8035	-5.6638
s34	34	7	-0.6976	-1.3093	-2.13	-0.1181	-2.4573	-0.8102	-5.6614
s34	34	8	-0.7021	-1.3065	-2.1593	-0.1241	-2.4603	-0.8169	-5.3634
s34	34	9	-0.7043	-1.3175	-2.1217	-0.1256	-2.5196	-0.8194	-5.6658
s34	34	10	-0.6995	-1.3016	-2.1544	-0.1173	-2.3808	-0.7891	-5.6595
s34	34	11	-0.7064	-1.3144	-2.167	-0.1689	-5.6855	-0.8854	-5.3844
s34	34	12	-0.7001	-1.3163	-2.167	-0.1698	-2.7313	-0.8946	-5.6856
s35	35	1	-0.7765	-1.3497	-1.9812	-0.1385	-5.3791	-0.8633	-5.6802
s35	35	2	-0.7688	-1.3395	-2.0172	-0.1389	-5.68	-0.8677	-5.3789
s35	35	3	-0.7742	-1.3573	-2.0095	-0.1418	-5.6816	-0.8647	-5.6816
s35	35	4	-0.759	-1.354	-2.057	-0.1643	-5.3894	-0.9044	-5.6905
s35	35	5	-0.7575	-1.3417	-2.0772	-0.1638	-5.69	-0.9019	-5.389
s35	35	6	-0.7493	-1.34	-2.1105	-0.1645	-5.6903	-0.9121	-5.6903
s35	35	7	-0.6909	-1.3062	-2.1054	-0.1462	-5.3725	-0.8456	-5.6736
s35	35	8	-0.6912	-1.3198	-2.0942	-0.1463	-5.6739	-0.8434	-5.3729
s35	35	9	-0.6896	-1.3181	-2.1556	-0.1464	-5.6741	-0.8448	-5.6741
s35	35	10	-0.6924	-1.3335	-2.1534	-0.1418	-5.3709	-0.8312	-5.6719
s35	35	11	-0.698	-1.3395	-2.1339	-0.1521	-5.678	-0.8545	-5.3769
s35	35	12	-0.7048	-1.3349	-2.1742	-0.1573	-5.6793	-0.8462	-5.6793
s36	36	1	-0.7038	-1.3388	-2.1741	-0.1559	-5.3782	-0.8532	-5.6792
s36	36	2	-0.6941	-1.3347	-2.2167	-0.1535	-5.6791	-0.853	-5.378
s36	36	3	-0.6952	-1.3366	-2.1719	-0.1532	-5.6771	-0.8478	-5.6771
s36	36	4	-0.688	-1.2973	-2.0658	-0.0899	-5.3446	-0.7442	-5.6456
s36	36	5	-0.694	-1.3145	-2.1114	-0.0836	-5.6429	-0.7243	-5.3418
s36	36	6	-0.689	-1.3162	-2.0314	-0.1059	-5.6547	-0.7796	-5.6547
s36	36	7	-0.6905	-1.3489	-2.0759	-0.2039	-5.6991	-0.9395	-5.6991
s36	36	8	-0.7059	-1.3267	-2.0692	-0.1006	-5.3479	-0.7084	-5.3479
s36	36	9	-0.6911	-1.347	-2.1212	-0.1838	-5.6894	-0.8798	-5.6894
s36	36	10	-0.6767	-1.3062	-2.1569	-0.151	-5.6754	-0.8638	-5.6754
s36	36	11	-0.6824	-1.3365	-2.1107	-0.1585	-5.3779	-0.8666	-5.3779
s36	36	12	-0.6819	-1.3164	-2.0852	-0.1526	-5.6762	-0.864	-5.6762
s37	37	1	-0.7059	-1.2903	-1.885	-0.1014	-2.1373	-0.851	-2.3771
s37	37	2	-0.6945	-1.2821	-1.8934	-0.1042	-2.2419	-0.852	-5.6569
s37	37	3	-0.6983	-1.287	-1.9182	-0.0893	-2.2356	-0.8324	-5.6506
s37	37	4	-0.7013	-1.3225	-1.9023	-0.1541	-2.2655	-0.9361	-2.639
s37	37	5	-0.7036	-1.2951	-1.9008	-0.1353	-2.2737	-0.9008	-5.6716
s37	37	6	-0.7055	-1.3155	-1.9138	-0.1456	-2.355	-0.9244	-2.5981
s37	37	7	-0.7028	-1.2975	-1.8843	-0.0822	-2.1426	-0.8282	-5.6478
s37	37	8	-0.6918	-1.2924	-1.8231	-0.0773	-2.1655	-0.807	-5.6427
s37	37	9	-0.7025	-1.2939	-1.8486	-0.0859	-2.1708	-0.8219	-2.4175
s37	37	10	-0.7	-1.2897	-1.9324	-0.07	-2.0959	-0.7851	-5.64
s37	37	11	-0.6835	-1.2888	-1.9139	-0.1006	-2.2925	-0.8501	-5.3532
s37	37	12	-0.699	-1.3191	-1.9404	-0.1534	-2.2494	-0.9404	-5.6808
s38	38	1	-0.6971	-1.3292	-2.3842	-0.1717	-5.3842	-0.8852	-2.2702
s38	38	2	-0.7042	-1.3308	-2.5127	-0.1789	-2.7345	-0.8894	-2.3877
s38	38	3	-0.7005	-1.3237	-2.3237	-0.1721	-2.5715	-0.8854	-2.4067
s38	38	4	-0.6988	-1.3252	-2.3474	-0.1372	-2.6282	-0.8239	-2.3686
s38	38	5	-0.7023	-1.3264	-2.3091	-0.1397	-2.6294	-0.8282	-2.3486
s38	38	6	-0.711	-1.3411	-2.4067	-0.1713	-2.6063	-0.8699	-2.2875
s38	38	7	-0.7079	-1.3382	-2.4638	-0.1905	-2.6943	-0.9125	-2.3518
s38	38	8	-0.6989	-1.3274	-2.2931	-0.1852	-5.691	-0.9064	-2.3486
s38	38	9	-0.7111	-1.3342	-2.2556	-0.1386	-2.4945	-0.8224	-2.2393
s38	38	10	-0.7104	-1.322	-2.2032	-0.099	-2.6962	-0.7441	-2.2525
s38	38	11	-0.7045	-1.3298	-2.3814	-0.1138	-2.5463	-0.7805	-2.2452
s38	38	12	-0.7099	-1.326	-2.2762	-0.1082	-2.6564	-0.7716	-2.2762
s39	39	1	-0.6734	-1.3206	-2.1145	-0.1401	-2.7677	-0.9022	-1.9149
s39	39	2	-0.6732	-1.353	-2.1628	-0.1649	-2.6813	-0.9255	-1.9105
s39	39	3	-0.6684	-1.3194	-2.1512	-0.1378	-2.7666	-0.9033	-5.6697
s39	39	4	-0.6747	-1.3313	-2.2283	-0.1178	-2.5804	-0.8514	-1.7904
s39	39	5	-0.6742	-1.3342	-2.2133	-0.1192	-2.7574	-0.8516	-1.8752
s39	39	6	-0.6749	-1.3197	-2.1667	-0.1134	-2.6167	-0.8512	-1.8452
s39	39	7	-0.6715	-1.3027	-2.168	-0.0898	-2.441	-0.8	-1.8191
s39	39	8	-0.6699	-1.3319	-2.1586	-0.0981	-2.3946	-0.8238	-1.8048
s39	39	9	-0.6741	-1.3255	-2.0679	-0.0939	-2.5685	-0.8101	-1.7726
s39	39	10	-0.6807	-1.3533	-2.1444	-0.1234	-2.549	-0.8595	-1.8369
s39	39	11	-0.6722	-1.3355	-2.0841	-0.1261	-2.6639	-0.8687	-1.8857
s39	39	12	-0.6772	-1.3435	-2.2034	-0.1276	-2.6244	-0.8748	-1.8949
s40	40	1	-0.6945	-1.3142	-2.0596	-0.0897	-5.3497	-0.7988	-5.6507
s40	40	2	-0.6999	-1.326	-2.1062	-0.0878	-5.6503	-0.7924	-5.3493
s40	40	3	-0.7041	-1.3227	-2.0829	-0.0886	-5.6511	-0.8004	-5.6511
s40	40	4	-0.7013	-1.3381	-2.0987	-0.1478	-5.3775	-0.8925	-5.6785
s40	40	5	-0.6991	-1.3249	-2.1246	-0.1532	-5.6809	-0.9071	-5.3798
s40	40	6	-0.6893	-1.3258	-2.0963	-0.1451	-5.6761	-0.8957	-5.6761
s40	40	7	-0.6961	-1.3439	-2.105	-0.1892	-5.3951	-0.9629	-5.6961
s40	40	8	-0.6988	-1.3371	-2.149	-0.1815	-5.6931	-0.9535	-5.3921
s40	40	9	-0.7027	-1.3527	-2.1289	-0.1897	-5.6971	-0.9623	-5.6971
s40	40	10	-0.6924	-1.3275	-2.1474	-0.1214	-2.7117	-0.8571	-5.666
s40	40	11	-0.6979	-1.3275	-2.0591	-0.134	-2.8268	-0.8767	-5.3709
s40	40	12	-0.6935	-1.3225	-2.147	-0.1481	-5.6785	-0.9062	-5.6785
s41	41	1	-0.699	-1.2903	-2.2379	-0.2044	-5.7003	-0.9655	-5.7003
s41	41	2	-0.6917	-1.2806	-2.2332	-0.1952	-2.6542	-0.956	-5.3945
s41	41	3	-0.6879	-1.2896	-2.1612	-0.1892	-2.7384	-0.9422	-5.6927
s41	41	4	-0.7036	-1.2741	-2.0937	-0.1887	-5.6957	-0.9586	-5.6957
s41	41	5	-0.6977	-1.2647	-2.0679	-0.1782	-5.6912	-0.9572	-5.3901
s41	41	6	-0.6967	-1.2686	-2.0584	-0.1809	-5.3908	-0.9555	-5.6919
s41	41	7	-0.7024	-1.2938	-2.2922	-0.2201	-5.4061	-0.9928	-5.7071
s41	41	8	-0.6898	-1.2558	-2.24	-0.1756	-5.6872	-0.9245	-5.3861
s41	41	9	-0.7084	-1.2524	-1.763	-0.1188	-5.6607	-0.8231	-5.6607
s41	41	10	-0.6977	-1.2647	-2.0679	-0.1782	-5.3901	-0.9572	-5.6912
s41	41	11	-0.6967	-1.2686	-2.0584	-0.1809	-5.6919	-0.9555	-5.3908
s41	41	12	-0.6967	-1.2715	-2.0012	-0.1812	-5.6914	-0.9542	-5.6914
s42	42	1	-0.7191	-1.3202	-2.1024	-0.0874	-2.5673	-0.7429	-2.2663
s42	42	2	-0.7225	-1.309	-2.0951	-0.098	-2.4753	-0.7598	-2.1743
s42	42	3	-0.7281	-1.3037	-2.102	-0.0869	-2.3451	-0.7452	-2.1276
s42	42	4	-0.7349	-1.342	-2.0512	-0.1422	-2.4191	-0.8413	-2.1973
s42	42	5	-0.7259	-1.3264	-2.0334	-0.1283	-2.3447	-0.8218	-2.1617
s42	42	6	-0.7291	-1.3322	-2.0875	-0.1513	-2.4744	-0.8669	-2.2014
s42	42	7	-0.7177	-1.3316	-2.1944	-0.1703	-2.4553	-0.8809	-2.4305
s42	42	8	-0.6093	-1.2278	-1.9811	-0.0442	-2.3961	-0.7513	-2.0951
s42	42	9	-0.7067	-1.33	-2.1362	-0.1591	-2.5042	-0.8741	-2.358
s42	42	10	-0.7189	-1.3372	-2.1292	-0.1691	-2.5715	-0.8848	-2.2383
s42	42	11	-0.7175	-1.3411	-2.1173	-0.1695	-2.455	-0.8834	-2.3237
s42	42	12	-0.714	-1.3236	-2.1538	-0.171	-2.5714	-0.8818	-2.3051
s43	43	1	-0.6985	-1.2756	-2.1244	-0.0745	-2.2116	-0.7954	-5.643
s43	43	2	-0.7036	-1.2867	-2.1006	-0.0762	-2.2467	-0.8045	-5.6446
s43	43	3	-0.6964	-1.285	-2.1008	-0.0789	-2.2299	-0.8016	-5.6448
s43	43	4	-0.6935	-1.2893	-2.2313	-0.1505	-2.3774	-0.9241	-5.6784
s43	43	5	-0.7007	-1.3055	-2.1715	-0.1446	-2.3978	-0.9102	-5.3756
s43	43	6	-0.7069	-1.2952	-2.1191	-0.1399	-2.3137	-0.909	-5.6754
s43	43	7	-0.6949	-1.2805	-2.0495	-0.0929	-2.2714	-0.8333	-2.4755
s43	43	8	-0.6922	-1.2923	-2.1207	-0.0925	-2.3097	-0.8326	-5.6521
s43	43	9	-0.6945	-1.289	-2.0596	-0.0894	-2.3285	-0.8259	-5.6507
s43	43	10	-0.6956	-1.2844	-2.0955	-0.0915	-2.2204	-0.8375	-5.6518
s43	43	11	-0.703	-1.3088	-2.1161	-0.1363	-2.3713	-0.8942	-2.4963
s43	43	12	-0.7004	-1.2872	-2.0399	-0.0962	-2.3103	-0.8196	-5.6527
s44	44	1	-0.6836	-1.2764	-2.0177	-0.0635	-2.4544	-0.7109	-2.1681
s44	44	2	-0.6882	-1.2917	-1.9964	-0.1001	-2.4192	-0.7769	-2.2694
s44	44	3	-0.6905	-1.2953	-2.0413	-0.1308	-2.4341	-0.8226	-2.3635
s44	44	4	-0.6881	-1.3018	-2.0909	-0.1674	-2.5059	-0.8981	-2.4032
s44	44	5	-0.6867	-1.304	-2.0555	-0.1629	-2.4747	-0.8801	-2.3778
s44	44	6	-0.6934	-1.3179	-2.0188	-0.1656	-2.5054	-0.8849	-2.3805
s44	44	7	-0.6885	-1.3005	-2.1269	-0.1178	-2.4031	-0.7951	-2.4031
s44	44	8	-0.7076	-1.301	-2.0293	-0.1241	-2.4075	-0.8115	-2.301
s44	44	9	-0.7	-1.2978	-2.0161	-0.12	-2.2793	-0.8046	-2.2793
s44	44	10	-0.685	-1.3104	-2.083	-0.1513	-2.5279	-0.8631	-2.3123
s44	44	11	-0.6737	-1.3042	-2.0974	-0.1602	-2.4219	-0.8834	-2.4219
s44	44	12	-0.6775	-1.3125	-2.0982	-0.1602	-2.4739	-0.8828	-2.564
s45	45	1	-0.7613	-1.3369	-2.1557	-0.1592	-2.4567	-0.8934	-2.4831
s45	45	2	-0.756	-1.3199	-2.0726	-0.1545	-2.5714	-0.8958	-5.6854
s45	45	3	-0.7509	-1.3376	-2.1177	-0.1562	-2.4818	-0.9006	-5.6859
s45	45	4	-0.7133	-1.3248	-2.0445	-0.1111	-2.3148	-0.7833	-2.2955
s45	45	5	-0.7121	-1.3161	-2.144	-0.1223	-2.4584	-0.7997	-2.2153
s45	45	6	-0.7101	-1.3231	-2.0778	-0.1124	-2.3565	-0.779	-2.3565
s45	45	7	-0.713	-1.3235	-2.0923	-0.1672	-2.5072	-0.8778	-2.2683
s45	45	8	-0.7147	-1.3267	-2.0806	-0.165	-2.5066	-0.8731	-2.4039
s45	45	9	-0.7129	-1.3169	-2.0554	-0.1568	-2.5025	-0.8584	-2.3362
s45	45	10	-0.7053	-1.3309	-2.1129	-0.1626	-2.4024	-0.8743	-2.477
s45	45	11	-0.7084	-1.3235	-2.1667	-0.1721	-2.4811	-0.8811	-2.3428
s45	45	12	-0.7101	-1.3415	-2.1615	-0.1584	-2.5338	-0.8644	-2.3789
s46	46	1	-0.724	-1.331	-2.0936	-0.1413	-2.4181	-0.8415	-2.3724
s46	46	2	-0.7245	-1.3246	-2.0157	-0.1328	-2.5898	-0.8276	-2.1375
s46	46	3	-0.744	-1.344	-2.1042	-0.1445	-2.3936	-0.7775	-2.5584
s46	46	4	-0.7219	-1.3385	-2.1388	-0.164	-2.4041	-0.8706	-2.2679
s46	46	5	-0.718	-1.3326	-2.1011	-0.1601	-2.5348	-0.8633	-2.2495
s46	46	6	-0.7122	-1.3162	-2.0546	-0.1556	-2.5639	-0.8577	-2.2977
s46	46	7	-0.7326	-1.349	-2.123	-0.1299	-2.4366	-0.792	-2.3449
s46	46	8	-0.7161	-1.324	-2.1751	-0.1321	-2.4903	-0.796	-2.204
s46	46	9	-0.7145	-1.3025	-2.0457	-0.1147	-2.3575	-0.7857	-2.2968
s46	46	10	-0.7172	-1.3283	-2.0895	-0.1608	-2.4501	-0.8616	-2.2826
s46	46	11	-0.7199	-1.3261	-2.0365	-0.181	-2.6898	-0.8932	-2.411
s46	46	12	-0.7154	-1.3297	-2.1294	-0.1708	-2.4816	-0.883	-2.407
s47	47	1	-0.7005	-1.3378	-2.0702	-0.131	-2.2921	-0.8992	-5.6723
s47	47	2	-0.6977	-1.3525	-2.1955	-0.1316	-2.2103	-0.8974	-5.3716
s47	47	3	-0.6953	-1.3344	-2.1503	-0.1249	-2.3264	-0.8807	-5.6689
s47	47	4	-0.7149	-1.3625	-2.0693	-0.225	-2.351	-1.0472	-5.7127
s47	47	5	-0.7102	-1.3674	-2.1148	-0.2074	-2.3836	-1.021	-5.4048
s47	47	6	-0.7104	-1.3652	-2.0928	-0.2077	-2.3834	-1.0128	-5.7056
s47	47	7	-0.7026	-1.3347	-2.1586	-0.1401	-2.2969	-0.916	-5.6772
s47	47	8	-0.697	-1.3326	-2.1148	-0.1294	-2.4158	-0.8922	-5.3701
s47	47	9	-0.7009	-1.3548	-2.0839	-0.1366	-2.3325	-0.9108	-5.675
s47	47	10	-0.7479	-1.3545	-2.2038	-0.134	-2.2659	-0.9445	-5.6809
s47	47	11	-0.7543	-1.3636	-2.1765	-0.1345	-2.2838	-0.9398	-5.3807
s47	47	12	-0.7487	-1.3467	-2.1606	-0.1326	-2.2989	-0.9294	-5.6792
s48	48	1	-0.6818	-1.3202	-1.9658	-0.2425	-2.5175	-1.2683	-5.7216
s48	48	2	-0.6773	-1.3157	-1.9177	-0.2326	-2.4618	-1.2547	-5.4161
s48	48	3	-0.6745	-1.3087	-1.9552	-0.2379	-2.5145	-1.2623	-5.7187
s48	48	4	-0.7136	-1.3816	-2.0629	-0.1156	-2.5857	-0.852	-2.0739
s48	48	5	-0.7011	-1.3697	-2.1349	-0.121	-2.4622	-0.8711	-1.9942
s48	48	6	-0.7181	-1.3627	-2.0289	-0.1333	-2.3936	-0.8821	-2.0491
s48	48	7	-0.6993	-1.3643	-2.0721	-0.1172	-2.4327	-0.8549	-1.9556
s48	48	8	-0.7142	-1.3824	-2.0245	-0.1256	-2.3892	-0.8658	-1.9276
s48	48	9	-0.7091	-1.384	-2.0675	-0.127	-2.6696	-0.8668	-2.1014
s48	48	10	-0.6637	-1.2626	-1.8982	-0.0672	-2.1279	-0.9715	-5.6464
s48	48	11	-0.6766	-1.2637	-1.8903	-0.0503	-2.0944	-0.9352	-5.3375
s48	48	12	-0.6821	-1.272	-1.9088	-0.0552	-2.194	-0.9268	-5.6412
s49	49	1	-0.6951	-1.3664	-2.0934	-0.2407	-2.4862	-1.0893	-2.2543
s49	49	2	-0.692	-1.3552	-2.1569	-0.2336	-2.3514	-1.0717	-2.236
s49	49	3	-0.698	-1.3727	-2.0859	-0.2213	-2.3668	-1.0483	-2.2321
s49	49	4	-0.6891	-1.3288	-2.1558	-0.2013	-2.3381	-1.0195	-2.2085
s49	49	5	-0.6898	-1.3456	-2.1357	-0.1833	-2.3697	-0.9785	-2.0485
s49	49	6	-0.6933	-1.3411	-2.1289	-0.1931	-2.618	-0.999	-2.1531
s49	49	7	-0.6832	-1.3395	-1.9956	-0.17	-2.3848	-0.9632	-2.0948
s49	49	8	-0.6976	-1.3582	-1.9372	-0.2023	-2.3027	-1.0276	-2.1324
s49	49	9	-0.6833	-1.3724	-2.036	-0.1977	-2.3185	-1.0275	-2.1189
s49	49	10	-0.6898	-1.3456	-2.1357	-0.1833	-2.3697	-0.9785	-2.0485
s49	49	11	-0.6933	-1.3411	-2.1289	-0.1931	-2.618	-0.999	-2.1531
s49	49	12	-0.6976	-1.3542	-2.0812	-0.2099	-2.3428	-1.037	-2.173
s50	50	1	-0.6871	-1.3327	-2.1495	-0.1558	-2.3385	-0.9236	-5.681
s50	50	2	-0.6833	-1.3138	-2.0773	-0.1549	-2.2814	-0.9204	-5.3783
s50	50	3	-0.6892	-1.3244	-2.1753	-0.155	-2.338	-0.9193	-5.6804
s50	50	4	-0.693	-1.3142	-2.0695	-0.1104	-2.2626	-0.8517	-5.6606
s50	50	5	-0.6818	-1.3046	-2.0981	-0.1243	-2.4359	-0.8775	-5.3653
s50	50	6	-0.6791	-1.3197	-2.0941	-0.1414	-2.4697	-0.9015	-5.6738
s50	50	7	-0.675	-1.2948	-2.0711	-0.1178	-2.3612	-0.867	-5.6622
s50	50	8	-0.6844	-1.3199	-2.1348	-0.1234	-2.3238	-0.8752	-5.3652
s50	50	9	-0.6855	-1.3115	-2.1322	-0.1184	-2.2658	-0.8644	-5.6637
s50	50	10	-0.6863	-1.3146	-2.1559	-0.1408	-2.3956	-0.9021	-5.6744
s50	50	11	-0.6928	-1.3393	-2.1593	-0.1452	-2.2798	-0.9106	-5.3768
s50	50	12	-0.6838	-1.3051	-2.1793	-0.1336	-2.3919	-0.891	-5.6706