s1	s2	s3	s4	s5	s6	s7	s8	s9	s10	s11	s12	s13	s14	s15	s16	s17	s18	s19	s20	s21	s22	s23	s24	s25	s26	s27	s28	s29	s30	s31	s32	s33	s34	s35	s36	s37	s38	s39	s40	s41	s42	s43	s44	s45	s46	s47	s48	s49	s50
s1	13.5	1.029	0.1312	0.3004	0.01237	6.766	0	0	0	0	0	0	0	0.007455	9.191	3.327e-210	0.001088	2.444e-206	0.04543	1.965e-172	0.7677	0	2.489	0	10.51	3.078e-163	0.006877	0.0001045	0.03092	0.02349	6.738e-05	1.13e-11	1.694e-14	1.078e-07	6.129e-18	1.485e-05	2.129e-08	7.475e-09	0.01228	1.404e-06	5.422e-07	9.709e-12	1.698e-08	5.563e-05	1.206e-14	1.956e-14	2.026e-11	5.744e-05	9.282e-07	0.0007845
s2	1	22.79	27.2	44.46	3.167	0.04753	0	0	0	0	0	0	0	7.609	0.144	5.256e-264	4.589	3.924e-243	33.92	6.573e-206	35.54	0	40.93	0	0.01856	3.465e-196	7.407e-07	7.538e-12	1.883e-06	1.091e-06	3.049e-12	3.206e-21	9.412e-26	2.388e-16	1.037e-30	4.261e-13	6.838e-17	4.979e-18	5.139e-08	8.05e-15	2.847e-15	3.412e-22	6.381e-17	3.057e-12	4.107e-26	1.061e-25	6.602e-22	1.253e-12	2.993e-14	1.409e-10
s3	1	1	23.58	19.43	23.95	0.0005882	0	0	0	0	0	0	0	38.6	0.002125	3.899e-274	28.05	9.546e-251	26.48	1.175e-212	31.49	0	20.19	0	0.003121	1.007e-203	8.936e-07	4.876e-13	1.647e-06	4.44e-07	1.691e-14	1.661e-22	3.507e-28	2.029e-18	5.715e-34	5.217e-15	4.257e-18	1.533e-20	6.212e-09	7.631e-17	1.719e-18	1.513e-24	4.952e-18	6.231e-14	4.344e-29	1.359e-28	9.135e-25	2.195e-14	7.039e-18	3.602e-12
s4	1	1	1	19.59	1.148	0.0354	0	0	0	0	0	0	0	4.932	0.1261	3.745e-275	3.971	1.691e-249	53.91	6.638e-212	23.46	0	29.7	0	0.002183	3.499e-201	1.182e-08	9.009e-14	3.389e-08	2.387e-08	1.274e-13	7.411e-24	4.012e-28	3.231e-18	5.266e-33	9.105e-15	3.191e-19	8.949e-20	1.195e-09	1.378e-16	2.932e-16	1.981e-24	2.713e-19	5.918e-14	3.33e-28	8.583e-28	9.211e-24	2.286e-14	9.612e-15	3.548e-12
s5	1	1	1	1	41.02	2.71e-06	0	0	0	0	0	0	0	54.21	9.047e-06	8.657e-276	37.69	3.423e-253	2.537	1.46e-214	8.679	0	2.812	0	0.0008374	4.287e-207	1.641e-05	6.151e-13	1.981e-05	1.963e-06	6.271e-16	8.7e-22	7.021e-29	3.217e-19	1.728e-35	7.45e-16	1.294e-17	7.121e-22	7.725e-09	1.019e-17	3.816e-21	2.679e-25	2.092e-17	1.605e-14	1.562e-30	5.962e-30	2.375e-26	4.012e-15	2.782e-21	8.97e-13
s6	1	1	1	1	1	35.54	0	0	0	0	0	0	0	5.219e-06	189.5	1.894e-218	8.044e-07	1.578e-207	0.002208	1.294e-173	0.01257	0	0.1274	0	0.2922	4.451e-162	1.575e-06	2.039e-06	1.589e-05	4.176e-05	0.0002575	3.937e-14	6.534e-15	5.449e-08	4.917e-17	7.136e-06	1.422e-10	2.482e-08	0.0001825	7.439e-07	0.0002034	3.496e-12	7.438e-11	1.099e-05	7.019e-14	9.014e-14	1.475e-10	1.031e-05	0.006612	0.0001489
s7	1	1	1	1	1	1	1053000	1.704e-06	3174000	3.402e-08	1376	2.476e-38	11370	0	0	8.986e-208	0	6.266e-185	0	7.224e-182	0	1469000	0	1.45e+09	0	3.203e-178	0	0	0	0	0	0	0	0	0	0	0	0	0	0	0	0	0	0	0	0	0	0	0	0
s8	1	1	1	1	1	1	1	15.34	1.661e-13	9.315	313.5	1.51e-56	1.107e-21	0	0	3.441e-172	0	2.178e-197	0	4.557e-185	0	7.12e-19	0	1.468e-16	0	7.4e-180	0	0	0	0	0	0	0	0	0	0	0	0	0	0	0	0	0	0	0	0	0	0	0	0
s9	1	1	1	1	1	1	1	1	60.32	1.534e-12	6.672e+13	1.876e-34	0.03316	0	0	1.975e-182	0	6.821e-162	0	1.289e-158	0	7.43	0	35.65	0	2.865e-154	0	0	0	0	0	0	0	0	0	0	0	0	0	0	0	0	0	0	0	0	0	0	0	0
s10	1	1	1	1	1	1	1	1	1	127.8	0.2803	2.178e-55	9.798e-23	0	0	6.329e-174	0	1.741e-198	0	7.677e-187	0	1.594e-17	0	9.552e-15	0	1.919e-179	0	0	0	0	0	0	0	0	0	0	0	0	0	0	0	0	0	0	0	0	5.954e-220	0	0	0
s11	1	1	1	1	1	1	1	1	1	1	1650	1.222e-40	6.109e+13	0	0	1.104e-249	0	3.956e-224	0	1.124e-220	0	2.913e+13	0	3.213e+17	0	1.509e-218	0	0	0	0	0	0	0	0	0	0	0	0	0	0	0	0	0	0	0	0	0	0	0	0
s12	1	1	1	1	1	1	1	1	1	1	1	25.05	7.879e-39	0	0	0	0	1.561e-248	0	6.049e-248	0	4.547e-33	0	6.312e-32	0	3.089e-240	0	0	0	0	0	0	0	0	0	0	0	0	0	0	0	0	0	0	0	0	0	0	0	0
s13	1	1	1	1	1	1	1	1	1	1	1	1	0.007593	0	0	2.406e-216	0	3.499e-181	0	1.243e-178	0	0.1103	0	0.06512	0	3.599e-177	0	0	0	0	0	0	0	0	0	0	0	0	0	0	0	0	0	0	0	0	0	0	0	0
s14	1	1	1	1	1	1	1	1	1	1	1	1	1	34.12	2.213e-05	1.391e-286	65.18	9.59199999999999e-260	11.74	1.051e-220	12.88	0	4.89	0	0.0001618	2.073e-212	2.06e-07	7.151e-15	2.85e-07	4.146e-08	3.663e-17	1.471e-24	2.997e-31	4.979e-21	8.508e-38	2.01e-17	5.061e-20	1.582e-23	1.965e-10	2.131e-19	5.918e-22	1.597e-27	7.125e-20	3.713e-16	1.348e-32	5.145e-32	3.966e-28	1.002e-16	1.422e-21	2.75e-14
s15	1	1	1	1	1	1	1	1	1	1	1	1	1	1	30.35	1.864e-216	4.917e-06	4.887e-208	0.01181	2.445e-174	0.04127	0	0.287	0	0.267	3.958e-163	5.379e-07	2.894e-07	3.881e-06	1.279e-05	4.424e-05	4.25e-15	5.856e-16	7.232e-09	2.901e-18	1.293e-06	1.867e-11	2.987e-09	5.698e-05	1.147e-07	2.072e-05	3.356e-13	9.602e-12	1.983e-06	5.139e-15	6.932e-15	1.397e-11	1.837e-06	0.0008697	3.162e-05
s16	1	1	1	1	1	1	1	1	1	1	1	1	1	1	1	0.004652	3.64e-297	1.602e-41	5.723e-285	1.235e-21	6.882e-264	9.037e-190	1.39e-258	1.201e-186	2.669e-201	3.456e-17	2.174e-171	1.147e-127	1.434e-167	3.147e-169	2.965e-130	1.101e-104	1.519e-80	5.752e-112	1.58e-83	3.291e-127	4.416e-110	1.247e-107	1.348e-151	6.448e-116	2.968e-123	2.353e-102	8.758e-111	4.167e-130	5.6e-86	9.252e-85	3.687e-96	3.351e-125	1.407e-135	2.746e-134
s17	1	1	1	1	1	1	1	1	1	1	1	1	1	1	1	1	22.16	8.96299999999999e-267	11.23	3.638e-227	6.256	0	2.445	0	1.386e-05	1.58e-218	9.908e-09	1.108e-16	1.556e-08	1.597e-09	4.96e-19	6.034e-27	7.105e-34	3.419e-23	1.149e-40	2.064e-19	3.745e-22	9.265e-26	4.775e-12	1.822e-21	9.381e-24	4.745e-30	5.421e-22	4.417e-18	3.211e-35	1.28e-34	1.599e-30	1.234e-18	4.201e-23	4.348e-16
s18	1	1	1	1	1	1	1	1	1	1	1	1	1	1	1	1	1	6488	6.074e-257	2197	1.337e-243	6.796e-158	4.879e-239	3.64e-158	7.596e-200	23.74	8.771e-184	8.044e-150	2.67e-180	4.649e-181	7.534e-150	1.174e-133	1.292e-112	5.319e-137	1.055e-112	3.041e-148	2.018e-137	4.977e-133	1.388e-167	6.955e-140	5.087e-143	4.24e-129	3.426e-138	1.198e-150	8.99e-116	3.476e-115	2.85e-123	4.428e-146	1.406e-151	6.995e-154
s19	1	1	1	1	1	1	1	1	1	1	1	1	1	1	1	1	1	1	23.83	1.332e-218	17.79	0	19.34	0	0.0002741	3.075e-208	2.428e-09	2.824e-15	7.004e-09	2.764e-09	1.188e-15	9.229e-26	1.059e-30	2.358e-20	4.193e-36	9.85e-17	6.027e-21	3.739e-22	5.858e-11	1.204e-18	1.199e-18	6.703e-27	5.764e-21	8.914e-16	5.025e-31	1.435e-30	2.159e-26	3.362e-16	3.772e-17	7.01e-14
s20	1	1	1	1	1	1	1	1	1	1	1	1	1	1	1	1	1	1	1	1913	3.177e-206	3.534e-156	3.527e-202	2.026e-154	2.922e-165	186.4	2.882e-151	3.424e-121	3.066e-148	5.527e-149	5.589e-122	2.901e-106	1.464e-88	3.048e-110	2.061e-88	2.836e-120	5.037e-110	5.378e-107	3.688e-137	8.858e-113	1.445e-116	1.88e-102	1.094e-110	2.833e-122	1.489e-91	3.23e-91	4.013e-98	5.401e-118	1.129e-124	4.035e-125
s21	1	1	1	1	1	1	1	1	1	1	1	1	1	1	1	1	1	1	1	1	19.67	0	40.64	0	0.01925	5.038e-197	1.02e-05	4.415e-11	2.123e-05	1.193e-05	6.377e-12	4.683e-20	3.599e-25	9.187e-16	2.714e-30	1.562e-12	6.033e-16	1.334e-17	2.805e-07	2.391e-14	2.153e-15	1.583e-21	6.551e-16	1.296e-11	1.094e-25	3.207e-25	1.08e-21	2.874e-12	9.604e-15	4.481e-10
s22	1	1	1	1	1	1	1	1	1	1	1	1	1	1	1	1	1	1	1	1	1	54.94	0	13.77	0	4.175e-152	0	0	0	0	0	0	0	0	0	0	0	0	0	0	0	0	0	0	0	0	0	0	0	0
s23	1	1	1	1	1	1	1	1	1	1	1	1	1	1	1	1	1	1	1	1	1	1	22.31	0	0.05597	1.986e-192	6.384e-06	1.13e-10	1.297e-05	1.122e-05	6.484e-11	1.507e-19	5.607e-24	7.767e-15	1.059e-28	1.1e-11	1.868e-15	1.969e-16	6.421e-07	2.066e-13	6.398e-14	1.911e-20	1.761e-15	6.716e-11	2.917e-24	7.638e-24	2.81e-20	1.979e-11	5.404e-13	2.245e-09
s24	1	1	1	1	1	1	1	1	1	1	1	1	1	1	1	1	1	1	1	1	1	1	1	0.3701	0	6.032e-150	0	0	0	0	0	0	0	0	0	0	0	0	0	0	0	0	0	0	0	0	0	0	0	0
s25	1	1	1	1	1	1	1	1	1	1	1	1	1	1	1	1	1	1	1	1	1	1	1	1	5.675	5.411e-159	0.4053	0.0135	1.541	0.5152	0.000337	3.776e-08	1.147e-11	5.927e-06	1.116e-15	0.0003015	2.071e-05	1.736e-07	0.3462	5.983e-05	3.029e-07	2.715e-09	1.98e-05	0.001591	1.124e-12	1.801e-12	9.732e-10	0.003355	5.606e-08	0.01843
s26	1	1	1	1	1	1	1	1	1	1	1	1	1	1	1	1	1	1	1	1	1	1	1	1	1	1759	1.359e-147	3.428e-116	5.814e-144	2.356e-144	4.955e-114	6.094e-104	1.667e-83	5.714e-104	8.852e-82	1.814e-113	2.442e-106	8.32e-100	1.618e-131	2.687e-106	2.275e-106	1.511e-97	3.144e-107	7.144e-116	5.514e-85	1.004e-84	7.725e-91	2.084e-111	8.673e-113	1.225e-118
s27	1	1	1	1	1	1	1	1	1	1	1	1	1	1	1	1	1	1	1	1	1	1	1	1	1	1	53.73	0.6632	174.3	54.03	0.0001648	0.001733	6.187e-09	0.0001701	2.494e-13	0.002584	0.03866	1.349e-06	7.379	0.0004929	1.644e-09	1.003e-06	0.06555	0.02063	7.599e-11	1.714e-10	4.205e-09	0.004716	6.758e-12	0.07212
s28	1	1	1	1	1	1	1	1	1	1	1	1	1	1	1	1	1	1	1	1	1	1	1	1	1	1	1	16.24	1.062	1.723	1.166	3.124	0.03469	3.815	0.0001536	6.527	17.82	0.4301	14.15	6.08	0.001906	0.5623	17.35	12.48	0.00362	0.004997	0.0381	11.28	1.271e-05	15.28
s29	1	1	1	1	1	1	1	1	1	1	1	1	1	1	1	1	1	1	1	1	1	1	1	1	1	1	1	1	42.67	50.23	0.0007305	0.002816	3.274e-08	0.000593	2.145e-12	0.00863	0.07152	7.116e-06	13.53	0.00196	1.737e-08	3.942e-06	0.1088	0.05485	5.374e-10	1.112e-09	3.588e-08	0.02034	1.52e-10	0.2066
s30	1	1	1	1	1	1	1	1	1	1	1	1	1	1	1	1	1	1	1	1	1	1	1	1	1	1	1	1	1	25.67	0.008493	0.003823	1.565e-07	0.004243	3.274e-11	0.06584	0.08252	9.394e-05	20.07	0.01061	4.895e-07	2.816e-05	0.1132	0.292	7.886e-09	1.719e-08	3.229e-07	0.04791	4.156e-09	0.6826
s31	1	1	1	1	1	1	1	1	1	1	1	1	1	1	1	1	1	1	1	1	1	1	1	1	1	1	1	1	1	1	16.3	0.007339	0.02609	7.856	0.004897	17.27	0.1112	8.728	0.4885	11.38	8.531	0.4823	0.06595	10.87	0.09571	0.1151	1.009	5.478	0.8955	8.836
s32	1	1	1	1	1	1	1	1	1	1	1	1	1	1	1	1	1	1	1	1	1	1	1	1	1	1	1	1	1	1	1	33.56	0.8876	0.993	0.005534	0.2009	45.18	0.08596	0.05171	0.5234	3.327e-06	3.527	54.87	0.3898	0.02736	0.03871	0.02327	0.1873	8.973e-10	0.1575
s33	1	1	1	1	1	1	1	1	1	1	1	1	1	1	1	1	1	1	1	1	1	1	1	1	1	1	1	1	1	1	1	1	10.03	1.709	10.25	0.1068	0.5382	2.058	7.405e-05	0.7915	0.003544	14.54	0.3506	0.05762	12.81	12.62	6.762	0.1134	4.857e-06	0.01422
s34	1	1	1	1	1	1	1	1	1	1	1	1	1	1	1	1	1	1	1	1	1	1	1	1	1	1	1	1	1	1	1	1	1	13.91	0.2077	15.73	3.256	17.38	0.2746	22.02	0.4506	11.04	2.276	11.61	1.587	1.902	4.77	7.459	0.004551	5.735
s35	1	1	1	1	1	1	1	1	1	1	1	1	1	1	1	1	1	1	1	1	1	1	1	1	1	1	1	1	1	1	1	1	1	1	18.32	0.007318	0.003177	1.156	1.231e-07	0.0705	0.01578	2.256	0.001562	0.001728	26.72	24.79	8.096	0.002825	7.139e-05	0.0002446
s36	1	1	1	1	1	1	1	1	1	1	1	1	1	1	1	1	1	1	1	1	1	1	1	1	1	1	1	1	1	1	1	1	1	1	1	5.32	1.478	8.329	1.787	18.4	0.6521	1.906	1.06	22.23	0.128	0.1675	0.8131	9.409	0.01266	15.13
s37	1	1	1	1	1	1	1	1	1	1	1	1	1	1	1	1	1	1	1	1	1	1	1	1	1	1	1	1	1	1	1	1	1	1	1	1	18.77	0.3217	0.952	2.907	0.0001035	3.264	64.6	2.932	0.02705	0.03574	0.07249	2.59	1.01e-07	2.051
s38	1	1	1	1	1	1	1	1	1	1	1	1	1	1	1	1	1	1	1	1	1	1	1	1	1	1	1	1	1	1	1	1	1	1	1	1	1	15.29	0.01862	13.65	3.69	8.573	0.1849	3.879	6.05	6.667	14.39	2.509	0.08079	1.528
s39	1	1	1	1	1	1	1	1	1	1	1	1	1	1	1	1	1	1	1	1	1	1	1	1	1	1	1	1	1	1	1	1	1	1	1	1	1	1	16.17	0.6077	0.0004185	0.005383	1.013	4.802	1.096e-05	1.8e-05	0.0003053	1.951	5.594e-06	8.71
s40	1	1	1	1	1	1	1	1	1	1	1	1	1	1	1	1	1	1	1	1	1	1	1	1	1	1	1	1	1	1	1	1	1	1	1	1	1	1	1	13.41	0.6729	6.064	1.982	15.14	0.7003	0.81	3.572	13.81	0.009721	10.11
s41	1	1	1	1	1	1	1	1	1	1	1	1	1	1	1	1	1	1	1	1	1	1	1	1	1	1	1	1	1	1	1	1	1	1	1	1	1	1	1	1	65.42	0.02328	3.92e-05	0.1599	0.1499	0.1391	1.747	0.1198	459.5	0.1259
s42	1	1	1	1	1	1	1	1	1	1	1	1	1	1	1	1	1	1	1	1	1	1	1	1	1	1	1	1	1	1	1	1	1	1	1	1	1	1	1	1	1	8.488	2.312	1.218	6.976	8.005	6.779	1.04	5.122e-05	0.3511
s43	1	1	1	1	1	1	1	1	1	1	1	1	1	1	1	1	1	1	1	1	1	1	1	1	1	1	1	1	1	1	1	1	1	1	1	1	1	1	1	1	1	1	29.26	2.306	0.01401	0.01911	0.03582	1.768	3.194e-08	1.622
s44	1	1	1	1	1	1	1	1	1	1	1	1	1	1	1	1	1	1	1	1	1	1	1	1	1	1	1	1	1	1	1	1	1	1	1	1	1	1	1	1	1	1	1	9.492	0.03777	0.05136	0.2985	11.31	0.00248	19.95
s45	1	1	1	1	1	1	1	1	1	1	1	1	1	1	1	1	1	1	1	1	1	1	1	1	1	1	1	1	1	1	1	1	1	1	1	1	1	1	1	1	1	1	1	1	13.15	32.53	18.59	0.04613	0.001091	0.007432
s46	1	1	1	1	1	1	1	1	1	1	1	1	1	1	1	1	1	1	1	1	1	1	1	1	1	1	1	1	1	1	1	1	1	1	1	1	1	1	1	1	1	1	1	1	1	14.07	16.81	0.05031	0.000902	0.009746
s47	1	1	1	1	1	1	1	1	1	1	1	1	1	1	1	1	1	1	1	1	1	1	1	1	1	1	1	1	1	1	1	1	1	1	1	1	1	1	1	1	1	1	1	1	1	1	11.78	0.6576	0.03403	0.1123
s48	1	1	1	1	1	1	1	1	1	1	1	1	1	1	1	1	1	1	1	1	1	1	1	1	1	1	1	1	1	1	1	1	1	1	1	1	1	1	1	1	1	1	1	1	1	1	1	5.49	0.001573	14.59
s49	1	1	1	1	1	1	1	1	1	1	1	1	1	1	1	1	1	1	1	1	1	1	1	1	1	1	1	1	1	1	1	1	1	1	1	1	1	1	1	1	1	1	1	1	1	1	1	1	448.3	0.003272
s50	1	1	1	1	1	1	1	1	1	1	1	1	1	1	1	1	1	1	1	1	1	1	1	1	1	1	1	1	1	1	1	1	1	1	1	1	1	1	1	1	1	1	1	1	1	1	1	1	1	13.46
