s1	s2	s3	s4	s5	s6	s7	s8	s9	s10	s11	s12	s13	s14	s15	s16	s17	s18	s19	s20	s21	s22	s23	s24	s25	s26	s27	s28	s29	s30	s31	s32	s33	s34	s35	s36	s37	s38	s39	s40	s41	s42	s43	s44	s45	s46	s47	s48	s49	s50
s1	15.9	1.222	0.1519	0.3493	0.01419	5.572	0	0	0	0	0	0	0	0.008477	8.014	1.273e-209	0.001227	3.401e-208	0.05141	8.292e-174	0.9166	0	3.052	0	13.93	1.626e-163	0.003648	0.0001156	0.01823	0.0201	7.447e-05	8.323e-12	2.345e-14	1.229e-07	7.717e-18	1.655e-05	1.918e-08	8.061e-09	0.01386	1.585e-06	4.631e-07	1.256e-11	1.362e-08	6.431e-05	1.423e-14	2.315e-14	2.246e-11	6.779e-05	2.411e-07	0.0009213
s2	1	23.34	28.82	48.86	3.224	0.03551	0	0	0	0	0	0	0	7.664	0.1141	1.724e-263	4.546	4.439e-245	36.37	2.343e-207	39.28	0	46.84	0	0.02134	1.574e-196	3.339e-07	6.955e-12	9.502e-07	7.965e-07	2.765e-12	1.922e-21	1.045e-25	2.196e-16	1.034e-30	3.843e-13	5.059e-17	4.321e-18	4.886e-08	7.344e-15	2.142e-15	3.552e-22	4.203e-17	2.877e-12	3.854e-26	9.98e-26	5.881e-22	1.208e-12	7.08e-15	1.355e-10
s3	1	1	22.89	20.49	23.54	0.0005327	0	0	0	0	0	0	0	39.84	0.002056	1.193e-273	28.46	9.68e-253	26.81	3.937e-214	34.02	0	21.97	0	0.003539	4.034e-204	4.334e-07	4.31e-13	8.662e-07	3.142e-07	1.674e-14	1.106e-22	3.786e-28	1.861e-18	5.898e-34	4.752e-15	3.189e-18	1.409e-20	5.622e-09	6.989e-17	1.345e-18	1.53e-24	3.386e-18	5.772e-14	4.24e-29	1.324e-28	8.691e-25	2.086e-14	1.125e-18	3.403e-12
s4	1	1	1	18.61	1.246	0.02457	0	0	0	0	0	0	0	5.164	0.09238	1.254e-274	4.066	1.972e-251	57.04	2.41e-213	25.39	0	33.3	0	0.002569	1.634e-201	5.203e-09	8.555e-14	1.697e-08	1.804e-08	1.099e-13	4.266e-24	4.432e-28	2.942e-18	4.995e-33	8.115e-15	2.361e-19	7.424e-20	1.182e-09	1.245e-16	2.306e-16	2.063e-24	1.768e-19	5.601e-14	2.978e-28	7.709e-28	7.781e-24	2.223e-14	2.882e-15	3.441e-12
s5	1	1	1	1	38.87	2.743e-06	0	0	0	0	0	0	0	56.54	9.873e-06	2.655e-275	37.96	3.159e-255	2.545	5.256e-216	8.573	0	2.923	0	0.0009353	1.285e-207	9.162e-06	6.15e-13	1.189e-05	1.585e-06	6.576e-16	8.192e-22	8.009e-29	3.085e-19	1.814e-35	7.101e-16	1.222e-17	6.831e-22	7.642e-09	9.763e-18	3.064e-21	2.885e-25	1.854e-17	1.562e-14	1.563e-30	5.946e-30	2.356e-26	4.013e-15	2.918e-22	8.869e-13
s6	1	1	1	1	1	35.71	0	0	0	0	0	0	0	5.219e-06	228.5	6.014e-218	7.962e-07	1.756e-209	0.001547	4.427e-175	0.01037	0	0.09803	0	0.2948	1.602e-162	5.246e-07	1.82e-06	6.273e-06	2.824e-05	0.0001813	1.941e-14	6.909e-15	4.458e-08	4.014e-17	5.547e-06	9.694e-11	1.733e-08	0.0001676	5.945e-07	0.0001863	3.474e-12	4.349e-11	9.346e-06	5.391e-14	6.995e-14	1.041e-10	8.951e-06	0.002265	0.0001282
s7	1	1	1	1	1	1	159900	1.301e-06	1079000	2.203e-08	119.5	2.048e-38	5045	0	0	2.466e-208	0	1.57e-187	0	3.583e-184	0	499700	0	593900000	0	5.077e-179	0	0	0	0	0	0	0	0	0	0	0	0	0	0	0	0	0	0	0	0	0	0	0	0
s8	1	1	1	1	1	1	1	32.73	3.788e-13	33.43	140.2	2.271e-55	3.356e-21	0	0	2.968e-171	0	6.561e-199	0	5.228e-186	0	2.065e-18	0	4.401e-16	0	1.183e-179	0	0	0	0	0	0	0	0	0	0	0	0	0	0	0	0	0	0	0	0	0	0	0	0
s9	1	1	1	1	1	1	1	1	45.12	2.34e-12	1.37e+13	3.626e-34	0.04255	0	0	3.1e-182	0	7.086e-164	0	2.8e-160	0	6.705	0	41.29	0	2.394e-154	0	0	0	0	0	0	0	0	0	0	0	0	0	0	0	0	0	0	0	0	0	0	0	0
s10	1	1	1	1	1	1	1	1	1	185.6	0.1498	1.33e-54	4.56e-22	0	0	4.581e-173	0	7.95e-200	0	7.525e-188	0	2.59e-17	0	1.866e-14	0	6.534e-179	0	0	0	0	0	0	0	0	0	0	0	0	0	0	0	0	0	0	0	0	0	0	0	0
s11	1	1	1	1	1	1	1	1	1	1	155.3	7.103e-41	2.157e+13	0	0	7.351e-251	0	5.068e-227	0	2.472e-223	0	6.179e+12	0	7.486e+16	0	5.394e-220	0	0	0	0	0	0	0	0	0	0	0	0	0	0	0	0	0	0	0	0	0	0	0	0
s12	1	1	1	1	1	1	1	1	1	1	1	53.55	2.88e-38	0	0	0	0	2.159e-249	0	1.522e-248	0	8.921e-33	0	1.484e-31	0	9.91699999999999e-241	0	0	0	0	0	0	0	0	0	0	0	0	0	0	0	0	0	0	0	0	0	0	0	0
s13	1	1	1	1	1	1	1	1	1	1	1	1	0.009273	0	0	2.919e-216	0	1.371e-182	0	7.058e-180	0	0.1503	0	0.1085	0	2.124e-177	0	0	0	0	0	0	0	0	0	0	0	0	0	0	0	0	0	0	0	0	0	0	0	0
s14	1	1	1	1	1	1	1	1	1	1	1	1	1	32.27	2.375e-05	4.123e-286	68.77	8.93399999999999e-262	11.43	3.482e-222	13	0	5.061	0	0.0001794	7.103e-213	1.047e-07	6.428e-15	1.552e-07	2.99e-08	3.761e-17	1.117e-24	3.215e-31	4.58e-21	8.753e-38	1.848e-17	4.05e-20	1.48e-23	1.787e-10	1.964e-19	4.771e-22	1.611e-27	5.291e-20	3.447e-16	1.318e-32	5.015e-32	3.842e-28	9.561e-17	1.812e-22	2.602e-14
s15	1	1	1	1	1	1	1	1	1	1	1	1	1	1	25.52	6.212e-216	5.208e-06	5.736e-210	0.008714	8.78e-176	0.03621	0	0.2347	0	0.2869	1.567e-163	1.933e-07	2.75e-07	1.653e-06	9.259e-06	3.277e-05	2.226e-15	6.499e-16	6.224e-09	2.494e-18	1.058e-06	1.35e-11	2.193e-09	5.559e-05	9.64e-08	1.992e-05	3.507e-13	5.961e-12	1.779e-06	4.154e-15	5.659e-15	1.037e-11	1.683e-06	0.0003163	2.874e-05
s16	1	1	1	1	1	1	1	1	1	1	1	1	1	1	1	0.00754	1.059e-296	5.074e-42	1.788e-284	7.824e-22	2.237e-263	1.464e-189	4.733e-258	2.268e-186	8.897e-201	5.046e-17	2.461e-171	1.822e-127	1.738e-167	5.034e-169	7.947e-130	7.236e-105	1.803e-80	9.81e-112	2.164e-83	6.627e-127	4.273e-110	2.375e-107	2.746e-151	1.205e-115	7.453e-123	3.112e-102	7.637e-111	8.221e-130	8.269e-86	1.338e-84	6.824e-96	6.988e-125	4.951e-136	5.971e-134
s17	1	1	1	1	1	1	1	1	1	1	1	1	1	1	1	1	19.1	8.124e-269	10.69	1.184e-228	6.226	0	2.492	0	1.513e-05	5.067e-219	4.879e-09	9.726e-17	8.228e-09	1.127e-09	4.985e-19	4.408e-27	7.401e-34	3.075e-23	1.14e-40	1.861e-19	2.908e-22	8.434e-26	4.262e-12	1.645e-21	7.336e-24	4.659e-30	3.899e-22	4.027e-18	3.035e-35	1.206e-34	1.502e-30	1.158e-18	5.283e-24	4.049e-16
s18	1	1	1	1	1	1	1	1	1	1	1	1	1	1	1	1	1	171.8	6.542e-259	64.93	1.489e-245	8.101e-160	5.755e-241	4.346e-160	9.917e-202	0.9888	3.515e-186	1.105e-151	1.242e-182	3.809e-183	8.739e-152	1.386e-135	3.197e-114	7.742e-139	1.803e-114	3.938e-150	2.646e-139	6.02e-135	1.732e-169	9.53e-142	3.998e-145	8.862e-131	3.876e-140	1.655e-152	1.36e-117	5.364e-117	3.563e-125	6.159e-148	1.487e-154	9.433e-156
s19	1	1	1	1	1	1	1	1	1	1	1	1	1	1	1	1	1	1	22.22	4.522e-220	18.76	0	21.12	0	0.0003077	1.303e-208	1.035e-09	2.505e-15	3.369e-09	1.964e-09	1.015e-15	5.073e-26	1.097e-30	2.05e-20	3.819e-36	8.453e-17	4.193e-21	3.025e-22	5.436e-11	1.043e-18	8.878e-19	6.553e-27	3.551e-21	8.035e-16	4.33e-31	1.24e-30	1.78e-26	3.115e-16	9.598e-18	6.487e-14
s20	1	1	1	1	1	1	1	1	1	1	1	1	1	1	1	1	1	1	1	162.7	1.13e-207	8.618e-158	1.308e-203	5.109e-156	1.103e-166	24.49	3.639e-153	9.085e-123	4.237e-150	1.1e-150	1.775e-123	4.634e-108	6.518e-90	9.437e-112	7.628e-90	8.448e-122	1.052e-111	1.568e-108	1.024e-138	2.685e-114	3.635e-118	7.225e-104	1.949e-112	8.587e-124	4.982e-93	1.092e-92	1.205e-99	1.669e-119	3.921e-127	1.24e-126
s21	1	1	1	1	1	1	1	1	1	1	1	1	1	1	1	1	1	1	1	1	19.9	0	46.07	0	0.02231	2.213e-197	4.829e-06	4.006e-11	1.104e-05	8.568e-06	6.141e-12	3.004e-20	4.032e-25	8.599e-16	2.851e-30	1.44e-12	4.536e-16	1.221e-17	2.608e-07	2.226e-14	1.648e-15	1.655e-21	4.447e-16	1.227e-11	1.081e-25	3.168e-25	1.024e-21	2.794e-12	1.827e-15	4.329e-10
s22	1	1	1	1	1	1	1	1	1	1	1	1	1	1	1	1	1	1	1	1	1	41.55	0	15.98	0	3.779e-152	0	0	0	0	0	0	0	0	0	0	0	0	0	0	0	0	0	0	0	0	0	0	0	0
s23	1	1	1	1	1	1	1	1	1	1	1	1	1	1	1	1	1	1	1	1	1	1	23.91	0	0.06623	9.29e-193	2.991e-06	1.08e-10	6.798e-06	8.437e-06	6.125e-11	9.513e-20	6.524e-24	7.455e-15	1.116e-28	1.033e-11	1.442e-15	1.79e-16	6.279e-07	1.966e-13	4.933e-14	2.08e-20	1.213e-15	6.57e-11	2.886e-24	7.573e-24	2.631e-20	1.982e-11	1.272e-13	2.24e-09
s24	1	1	1	1	1	1	1	1	1	1	1	1	1	1	1	1	1	1	1	1	1	1	1	0.4405	0	5.871e-150	0	0	0	0	0	0	0	0	0	0	0	0	0	0	0	0	0	0	0	0	0	0	0	0
s25	1	1	1	1	1	1	1	1	1	1	1	1	1	1	1	1	1	1	1	1	1	1	1	1	6.842	2.587e-159	0.2588	0.01538	1.044	0.4622	0.0004304	3.27e-08	1.602e-11	7.149e-06	1.556e-15	0.0003605	1.98e-05	2.117e-07	0.4085	7.194e-05	3.069e-07	3.572e-09	1.738e-05	0.001941	1.476e-12	2.357e-12	1.238e-09	0.004189	9.938e-09	0.0229
s26	1	1	1	1	1	1	1	1	1	1	1	1	1	1	1	1	1	1	1	1	1	1	1	1	1	307.3	1.354e-148	8.992e-117	6.703e-145	5.002e-145	1.299e-114	1.045e-104	3.836e-84	1.316e-104	9.534e-83	4.735e-114	4.903e-107	1.541e-100	4.961e-132	6.662e-107	2.594e-107	3.595e-98	5.546e-108	2.009e-116	7.075e-86	1.315e-85	1.222e-91	6.49e-112	2.353e-114	3.742e-119
s27	1	1	1	1	1	1	1	1	1	1	1	1	1	1	1	1	1	1	1	1	1	1	1	1	1	1	39.61	0.5083	107.4	38.78	8.411e-05	0.00115	4.14e-09	9.288e-05	1.267e-13	0.001367	0.02896	6.493e-07	5.4	0.0002659	5.41e-10	6.545e-07	0.04637	0.01205	3.747e-11	8.465e-11	2.049e-09	0.002797	1.95e-13	0.04298
s28	1	1	1	1	1	1	1	1	1	1	1	1	1	1	1	1	1	1	1	1	1	1	1	1	1	1	1	17.06	0.8611	1.744	1.431	2.818	0.04027	4.086	0.0001832	7.034	18.28	0.4826	16.81	6.557	0.001974	0.6373	16.47	13.74	0.004159	0.005683	0.04472	12.75	1.742e-06	17.14
s29	1	1	1	1	1	1	1	1	1	1	1	1	1	1	1	1	1	1	1	1	1	1	1	1	1	1	1	1	34.8	39.01	0.0004272	0.002047	2.343e-08	0.0003536	1.249e-12	0.00502	0.05738	3.901e-06	10.44	0.001157	6.886e-09	2.745e-06	0.08305	0.03452	3.028e-10	6.265e-10	2.005e-08	0.01298	5.677e-12	0.1325
s30	1	1	1	1	1	1	1	1	1	1	1	1	1	1	1	1	1	1	1	1	1	1	1	1	1	1	1	1	1	24.34	0.00776	0.003386	1.462e-07	0.003485	2.988e-11	0.05377	0.08003	7.929e-05	19.74	0.008723	3.542e-07	2.532e-05	0.1039	0.2452	6.903e-09	1.493e-08	2.851e-07	0.04121	3.528e-10	0.5839
s31	1	1	1	1	1	1	1	1	1	1	1	1	1	1	1	1	1	1	1	1	1	1	1	1	1	1	1	1	1	1	19.48	0.005262	0.03907	10.26	0.006662	22.18	0.1055	11.11	0.6061	14.78	6.491	0.6871	0.05471	14.21	0.126	0.1517	1.305	7.308	0.2287	11.61
s32	1	1	1	1	1	1	1	1	1	1	1	1	1	1	1	1	1	1	1	1	1	1	1	1	1	1	1	1	1	1	1	30.95	0.615	0.6448	0.003472	0.1327	40.79	0.05451	0.04636	0.345	1.808e-06	2.447	47.76	0.2741	0.0169	0.02373	0.01508	0.1355	4.99e-11	0.1154
s33	1	1	1	1	1	1	1	1	1	1	1	1	1	1	1	1	1	1	1	1	1	1	1	1	1	1	1	1	1	1	1	1	12.19	2.317	14.18	0.146	0.4631	2.808	9.102e-05	1.082	0.004324	20.17	0.2722	0.07899	17.38	17.02	9.437	0.1594	8.814e-07	0.01979
s34	1	1	1	1	1	1	1	1	1	1	1	1	1	1	1	1	1	1	1	1	1	1	1	1	1	1	1	1	1	1	1	1	1	16.57	0.272	19.83	2.638	21.64	0.3049	27.93	0.4292	14.4	1.65	14.7	2.019	2.413	6.058	9.642	0.0007571	7.326
s35	1	1	1	1	1	1	1	1	1	1	1	1	1	1	1	1	1	1	1	1	1	1	1	1	1	1	1	1	1	1	1	1	1	1	24.03	0.00961	0.002749	1.514	1.548e-07	0.09284	0.01257	3.025	0.001178	0.002293	35.86	33.19	10.79	0.003835	1.368e-05	0.0003306
s36	1	1	1	1	1	1	1	1	1	1	1	1	1	1	1	1	1	1	1	1	1	1	1	1	1	1	1	1	1	1	1	1	1	1	1	6.012	1.22	10.28	1.983	23.26	0.5879	2.497	0.7805	28.05	0.1627	0.2125	1.024	12.12	0.002201	19.25
s37	1	1	1	1	1	1	1	1	1	1	1	1	1	1	1	1	1	1	1	1	1	1	1	1	1	1	1	1	1	1	1	1	1	1	1	1	16.7	0.2722	0.9541	2.388	8.056e-05	2.773	61.57	2.484	0.0228	0.0298	0.0637	2.252	9.23e-09	1.789
s38	1	1	1	1	1	1	1	1	1	1	1	1	1	1	1	1	1	1	1	1	1	1	1	1	1	1	1	1	1	1	1	1	1	1	1	1	1	18.14	0.02148	16.99	2.767	11.21	0.137	4.819	7.713	8.488	18.17	3.178	0.01604	1.915
s39	1	1	1	1	1	1	1	1	1	1	1	1	1	1	1	1	1	1	1	1	1	1	1	1	1	1	1	1	1	1	1	1	1	1	1	1	1	1	17.06	0.6775	0.0004313	0.006383	0.939	5.453	1.318e-05	2.146e-05	0.0003698	2.278	7.91e-07	10.07
s40	1	1	1	1	1	1	1	1	1	1	1	1	1	1	1	1	1	1	1	1	1	1	1	1	1	1	1	1	1	1	1	1	1	1	1	1	1	1	1	16.1	0.6262	7.968	1.454	19.23	0.8942	1.032	4.532	17.89	0.001657	12.96
s41	1	1	1	1	1	1	1	1	1	1	1	1	1	1	1	1	1	1	1	1	1	1	1	1	1	1	1	1	1	1	1	1	1	1	1	1	1	1	1	1	62.56	0.02714	2.581e-05	0.1596	0.1167	0.1104	1.266	0.1228	242.2	0.1261
s42	1	1	1	1	1	1	1	1	1	1	1	1	1	1	1	1	1	1	1	1	1	1	1	1	1	1	1	1	1	1	1	1	1	1	1	1	1	1	1	1	1	10.29	1.775	1.61	9.138	10.42	9.1	1.41	8.879e-06	0.4701
s43	1	1	1	1	1	1	1	1	1	1	1	1	1	1	1	1	1	1	1	1	1	1	1	1	1	1	1	1	1	1	1	1	1	1	1	1	1	1	1	1	1	1	27.6	1.762	0.01031	0.01393	0.02743	1.385	2.344e-09	1.278
s44	1	1	1	1	1	1	1	1	1	1	1	1	1	1	1	1	1	1	1	1	1	1	1	1	1	1	1	1	1	1	1	1	1	1	1	1	1	1	1	1	1	1	1	10.76	0.04836	0.06551	0.381	14.83	0.0004131	25.87
s45	1	1	1	1	1	1	1	1	1	1	1	1	1	1	1	1	1	1	1	1	1	1	1	1	1	1	1	1	1	1	1	1	1	1	1	1	1	1	1	1	1	1	1	1	16.67	42.47	24.15	0.06034	0.0002053	0.00966
s46	1	1	1	1	1	1	1	1	1	1	1	1	1	1	1	1	1	1	1	1	1	1	1	1	1	1	1	1	1	1	1	1	1	1	1	1	1	1	1	1	1	1	1	1	1	17.81	21.8	0.06558	0.0001662	0.01262
s47	1	1	1	1	1	1	1	1	1	1	1	1	1	1	1	1	1	1	1	1	1	1	1	1	1	1	1	1	1	1	1	1	1	1	1	1	1	1	1	1	1	1	1	1	1	1	14.47	0.8545	0.007198	0.1447
s48	1	1	1	1	1	1	1	1	1	1	1	1	1	1	1	1	1	1	1	1	1	1	1	1	1	1	1	1	1	1	1	1	1	1	1	1	1	1	1	1	1	1	1	1	1	1	1	6.317	0.0002721	19.36
s49	1	1	1	1	1	1	1	1	1	1	1	1	1	1	1	1	1	1	1	1	1	1	1	1	1	1	1	1	1	1	1	1	1	1	1	1	1	1	1	1	1	1	1	1	1	1	1	1	183.2	0.0005557
s50	1	1	1	1	1	1	1	1	1	1	1	1	1	1	1	1	1	1	1	1	1	1	1	1	1	1	1	1	1	1	1	1	1	1	1	1	1	1	1	1	1	1	1	1	1	1	1	1	1	16.2
